66666 0000   25 0001 0000 0 6 (nameless)                         20180501
2017041406 0 109 1302 1010      10
2017041412 0 107 1290 1010      10
2017041418 0 107 1280 1010      10
2017041500 1 109 1272 1008      13
2017041506 1 111 1263 1008      13
2017041512 1 114 1254 1008      13
2017041518 1 114 1242 1008      13
2017041600 0 114 1231 1008      10
2017041606 0 118 1221 1008      10
2017041612 0 122 1211 1010      10
2017041618 0 126 1197 1010      10
2017041700 0 132 1180 1010      10
2017041706 0 139 1169 1010      10
2017041712 0 144 1164 1010      10
2017041718 0 149 1166 1010      10
2017041800 1 153 1169 1006      13
2017041806 1 159 1171 1006      13
2017041812 1 164 1175 1006      13
2017041818 1 169 1178 1006      13
2017041900 1 175 1180 1006      13
2017041906 1 182 1181 1008      13
2017041912 1 192 1186 1008      13
2017041918 0 202 1196 1010      10
2017042000 0 208 1208 1010      10
2017042006 0 217 1221 1010      10
66666 1701   27 0002 1701 0 6 MUIFA                              20180501
2017042218 1  89 1441 1002      13
2017042300 1  94 1432 1002      13
2017042306 1 101 1424 1002      13
2017042312 1 107 1418 1002      13
2017042318 1 113 1408 1002      13
2017042400 1 119 1398 1000      15
2017042406 1 123 1388 1000      15
2017042412 1 124 1382 1000      15
2017042418 1 125 1375 1000      15
2017042500 1 127 1370 1000      15
2017042506 1 130 1367 1000      15
2017042512 1 132 1364 1000      15
2017042518 2 133 1361  998      18
2017042600 2 133 1357  998      18
2017042606 2 135 1350  998      18
2017042612 2 138 1344  998      18
2017042618 2 144 1343  998      18
2017042700 2 150 1343  998      18
2017042706 2 159 1346  998      18
2017042712 1 169 1347 1000      15
2017042718 1 178 1348 1002      13
2017042800 1 185 1355 1002      13
2017042806 1 190 1363 1002      13
2017042812 1 199 1377 1002      13
2017042818 1 207 1392 1002      13
2017042900 1 216 1403 1002      13
2017042906 1 229 1420 1002      13
66666 1702   21 0003 1702 0 6 MERBOK                             20180501
2017061000 1 131 1198 1006      13
2017061006 1 134 1187 1006      13
2017061012 1 141 1179 1002      13
2017061018 1 149 1174 1002      13
2017061100 1 160 1169 1000      15
2017061106 1 172 1166 1000      15
2017061112 2 181 1163  998      18
2017061115 2 187 1160  995      20
2017061118 2 193 1158  995      20
2017061121 2 198 1155  995      20
2017061200 2 202 1151  990      23
2017061203 2 206 1148  990      23
2017061206 3 211 1146  988      25
2017061209 3 216 1145  982      28
2017061212 3 220 1145  980      30
2017061215 3 225 1145  988      25
2017061218 2 229 1146  990      23
2017061300 1 239 1148  998      15
2017061306 1 252 1155 1002      13
2017061312 0 262 1164 1005      10
2017061318 0 275 1173 1006      10
66666 1703   21 0004 1703 0 6 NANMADOL                           20180501
2017070106 1 158 1322 1002      13
2017070112 1 170 1303 1000      15
2017070118 1 188 1288 1000      15
2017070200 2 207 1268  998      18
2017070206 2 222 1257  998      18
2017070212 2 235 1247  995      20
2017070218 2 248 1240  992      23
2017070300 3 262 1243  988      25
2017070306 3 278 1249  985      28
2017070312 3 295 1262  985      28
2017070318 3 313 1277  988      25
2017070400 3 329 1303  988      25
2017070406 3 337 1338  988      25
2017070412 3 341 1382  988      25
2017070418 2 351 1426  992      23
2017070500 9 360 1460  998      18
2017070506 9 368 1505  998      18
2017070512 9 382 1550  996      15
2017070518 9 400 1600  996      15
2017070600 9 425 1650  996      15
2017070606 9 464 1690  996      15
66666 1704   15 0005 1704 0 6 TALAS                              20180501
2017071406 1 162 1133 1002      13
2017071412 1 164 1129 1002      13
2017071418 1 166 1126 1000      15
2017071500 1 168 1123 1000      15
2017071506 2 170 1118  998      18
2017071512 2 172 1111  998      18
2017071518 2 175 1103  995      20
2017071600 2 177 1096  992      23
2017071606 3 181 1084  988      25
2017071612 3 184 1071  988      25
2017071618 3 185 1057  988      25
2017071700 2 189 1040  996      18
2017071706 1 190 1023  998      15
2017071712 1 193 1009  998      15
2017071718 1 197  999 1000      13
66666 1705   82 0006 1705 0 6 NORU                               20180501
2017071918 1 264 1612 1008      13
2017072000 1 268 1606 1008      13
2017072006 1 271 1600 1008      13
2017072012 1 273 1591 1006      15
2017072018 1 276 1583 1006      15
2017072100 2 280 1577 1004      18
2017072106 2 282 1569 1004      18
2017072112 2 284 1557 1004      18
2017072118 2 286 1547 1004      18
2017072200 2 287 1538  998      20
2017072206 2 287 1532  998      20
2017072212 2 286 1525  992      23
2017072218 3 285 1519  990      25
2017072300 3 283 1513  985      28
2017072306 3 282 1512  980      30
2017072312 4 281 1514  975      33
2017072318 4 275 1517  975      33
2017072400 4 271 1523  965      38
2017072406 4 268 1529  960      40
2017072412 4 263 1542  960      40
2017072418 4 259 1556  960      40
2017072500 4 257 1566  960      40
2017072506 4 259 1575  960      40
2017072512 4 262 1581  960      40
2017072518 4 270 1584  965      38
2017072600 4 280 1579  970      35
2017072606 4 290 1571  970      35
2017072612 4 299 1556  970      35
2017072618 4 304 1541  970      35
2017072700 4 308 1522  970      35
2017072706 4 310 1506  970      35
2017072712 4 308 1485  970      35
2017072718 4 304 1469  970      35
2017072800 4 296 1453  975      33
2017072806 4 288 1444  975      33
2017072812 4 282 1434  975      33
2017072818 4 278 1430  975      33
2017072900 3 272 1426  980      30
2017072906 3 263 1422  980      30
2017072912 3 253 1419  980      30
2017072918 3 245 1418  980      30
2017073000 4 239 1416  975      33
2017073006 4 234 1415  970      35
2017073012 5 229 1414  955      42
2017073018 6 228 1409  935      52
2017073100 6 228 1404  935      52
2017073106 6 229 1399  935      52
2017073112 6 230 1393  935      52
2017073118 5 233 1388  945      48
2017080100 5 236 1383  945      48
2017080106 5 240 1377  950      45
2017080112 5 245 1372  950      45
2017080118 5 250 1367  950      45
2017080200 5 254 1364  950      45
2017080206 5 258 1360  950      45
2017080212 5 262 1356  950      45
2017080218 5 267 1354  950      45
2017080300 5 274 1349  955      42
2017080306 5 279 1341  955      42
2017080312 4 281 1334  960      40
2017080318 4 283 1324  960      40
2017080400 4 285 1314  960      40
2017080406 4 287 1311  965      38
2017080412 4 289 1308  965      38
2017080418 4 292 1304  965      38
2017080500 4 296 1302  965      38
2017080506 4 298 1301  965      38
2017080512 4 300 1301  965      38
2017080518 4 303 1305  975      33
2017080600 4 307 1309  975      33
2017080606 4 311 1314  975      33
2017080612 4 317 1322  975      33
2017080618 4 325 1329  975      33
2017080700 4 332 1338  975      33
2017080706 3 340 1350  980      30
2017080712 3 351 1363  982      28
2017080718 2 359 1369  985      23
2017080800 2 368 1377  990      18
2017080806 9 377 1382  990      18
2017080812 9 385 1386  992      15
2017080818 9 389 1389  994      13
2017080900 9 393 1393  994      13
66666 1706   33 0007 1706 0 6 KULAP                              20180501
2017072000 0 229 1778 1010      10
2017072006 1 232 1775 1008      13
2017072012 1 238 1774 1008      13
2017072018 1 246 1772 1006      15
2017072100 1 254 1771 1006      15
2017072106 2 265 1770 1004      18
2017072112 2 282 1763 1004      18
2017072118 2 302 1752 1004      18
2017072200 2 305 1721 1004      18
2017072206 2 302 1707 1004      18
2017072212 2 301 1694 1000      20
2017072218 2 303 1683 1000      20
2017072300 2 305 1672 1000      20
2017072306 2 307 1664 1000      20
2017072312 2 311 1652 1000      20
2017072318 2 315 1644 1000      20
2017072400 2 319 1634  992      23
2017072406 2 326 1617  992      23
2017072412 2 330 1600  992      23
2017072418 2 332 1583  995      20
2017072500 2 331 1564  998      18
2017072506 2 328 1550  998      18
2017072512 1 324 1537 1000      15
2017072518 1 320 1523 1000      15
2017072600 1 317 1511 1002      13
2017072606 1 312 1498 1002      13
2017072612 0 302 1486 1004      10
2017072618 0 292 1477 1004      10
2017072700 0 281 1473 1004      10
2017072706 0 268 1475 1004      10
2017072712 0 260 1483 1004      10
2017072718 0 263 1491 1004      10
2017072800 0 270 1492 1004      10
66666 1707   14 0008 1707 0 6 ROKE                               20180501
2017072106 1 187 1242 1002      13
2017072112 1 193 1231 1002      13
2017072118 1 200 1219 1002      13
2017072200 1 207 1207 1000      15
2017072203 1 210 1199 1000      15
2017072206 1 213 1191 1000      15
2017072209 2 215 1185  998      18
2017072212 2 216 1177  998      18
2017072215 2 217 1169  998      18
2017072218 2 218 1162  998      18
2017072221 2 220 1155  998      18
2017072300 2 223 1148  995      20
2017072306 1 227 1133 1000      15
2017072312 1 226 1111 1004      13
66666 1708   34 0009 1708 0 6 SONCA                              20180501
2017072100 1 175 1145 1004      13
2017072106 1 178 1137 1004      13
2017072112 1 179 1131 1004      13
2017072118 1 179 1127 1004      13
2017072200 1 178 1123 1004      13
2017072206 1 177 1120 1000      15
2017072212 2 177 1117  998      18
2017072218 2 177 1115  998      18
2017072300 2 176 1114  998      18
2017072306 2 175 1114  998      18
2017072312 2 174 1114  998      18
2017072318 2 172 1114  998      18
2017072400 2 171 1112  998      18
2017072406 2 170 1109  998      18
2017072412 2 169 1103  995      20
2017072418 2 170 1096  995      20
2017072500 2 172 1087  995      20
2017072506 2 171 1073  995      20
2017072512 2 168 1060  998      18
2017072518 1 163 1049  998      15
2017072600 1 161 1042  998      15
2017072606 1 161 1037  998      15
2017072612 1 161 1033  998      15
2017072618 1 162 1030  998      15
2017072700 1 165 1031  998      15
2017072706 1 167 1035  998      15
2017072712 1 169 1038 1000      13
2017072718 1 171 1042 1000      13
2017072800 0 174 1041 1002      10
2017072806 0 176 1040 1002      10
2017072812 0 176 1038 1002      10
2017072818 0 177 1036 1004      10
2017072900 0 178 1037 1004      10
2017072906 0 179 1038 1004      10
66666 1709   31 0010 1709 0 6 NESAT                             20180501
2017072500 1 127 1289 1002      13
2017072506 1 133 1285 1002      13
2017072512 1 140 1284 1002      13
2017072518 1 147 1283 1002      13
2017072600 1 154 1281 1000      15
2017072606 2 161 1279  998      18
2017072612 2 166 1278  995      20
2017072618 2 171 1277  992      23
2017072700 3 175 1276  990      25
2017072706 3 180 1274  990      25
2017072712 3 187 1271  985      28
2017072718 3 194 1264  985      28
2017072800 3 200 1255  980      30
2017072806 3 205 1248  980      30
2017072812 4 210 1243  975      33
2017072815 4 214 1239  970      35
2017072818 4 217 1236  965      38
2017072821 4 221 1234  960      40
2017072900 4 225 1233  960      40
2017072903 4 229 1231  960      40
2017072906 4 234 1228  960      40
2017072909 4 239 1225  960      40
2017072912 4 247 1218  965      38
2017072915 4 247 1208  975      33
2017072918 4 251 1203  975      33
2017072921 4 254 1198  975      33
2017073000 3 257 1193  982      28
2017073006 1 261 1181  990      15
2017073012 1 258 1175  992      13
2017073018 1 254 1169  992      13
2017073100 0 248 1166  994      10
66666 1710   33 0011 1710 0 6 HAITANG                            20180501
2017072712 1 192 1179 1000      13
2017072718 1 194 1173 1000      13
2017072800 1 195 1167  998      15
2017072806 1 192 1162  998      15
2017072812 2 186 1157  995      18
2017072818 2 180 1157  995      18
2017072900 2 181 1163  995      18
2017072906 2 184 1169  995      18
2017072912 2 188 1175  992      20
2017072915 2 190 1179  992      20
2017072918 2 192 1182  992      20
2017072921 2 196 1188  992      20
2017073000 2 201 1194  992      20
2017073003 2 209 1200  992      20
2017073006 2 217 1203  985      23
2017073009 2 221 1205  985      23
2017073012 2 232 1205  990      20
2017073015 2 243 1204  990      20
2017073018 2 252 1198  990      20
2017073100 2 262 1190  988      23
2017073106 2 272 1182  990      23
2017073112 2 279 1169  992      20
2017073118 1 288 1161  996      13
2017080100 1 297 1158  996      13
2017080106 9 308 1156  996      13
2017080112 9 313 1156  996      10
2017080118 9 318 1156  996      10
2017080200 9 322 1157  996      10
2017080206 9 327 1158  996      10
2017080212 9 332 1159  996      10
2017080218 9 340 1160  996      10
2017080300 9 352 1165  996      10
2017080306 9 364 1174  996      10
66666 1711   30 0012 1711 0 6 NALGAE                             20180501
2017080100 1 265 1624 1004      13
2017080106 1 260 1632 1004      13
2017080112 1 257 1639 1002      15
2017080118 1 255 1647 1002      15
2017080200 2 256 1655  998      18
2017080206 2 259 1654  998      18
2017080212 2 262 1652  998      18
2017080218 2 265 1650  998      18
2017080300 2 269 1647  998      18
2017080306 2 274 1642  995      20
2017080312 2 277 1636  995      20
2017080318 2 280 1632  995      20
2017080400 2 283 1628  995      20
2017080406 2 289 1625  990      23
2017080412 2 297 1624  990      23
2017080418 2 309 1626  990      23
2017080500 2 322 1625  990      23
2017080506 2 341 1622  990      23
2017080512 2 358 1615  990      23
2017080518 9 380 1603  990      23
2017080600 9 399 1592  990      20
2017080606 9 418 1586  990      20
2017080612 9 433 1575  994      18
2017080618 9 445 1561  994      18
2017080700 9 453 1553  994      18
2017080706 9 457 1547  998      15
2017080712 9 459 1545  998      15
2017080718 9 462 1545  998      15
2017080800 9 465 1546  998      15
2017080806 9 464 1542 1000      13
66666 1712   27 0013 1712 0 6 BANYAN                             20180501
2017081018 1 159 1707 1002      13
2017081100 1 165 1699 1002      13
2017081106 1 169 1689 1000      15
2017081112 2 175 1679  998      18
2017081118 2 181 1669  995      20
2017081200 2 187 1658  992      23
2017081206 3 193 1651  985      28
2017081212 4 200 1647  975      33
2017081218 4 205 1643  965      38
2017081300 5 210 1641  955      42
2017081306 5 215 1639  955      42
2017081312 5 218 1638  955      42
2017081318 5 222 1636  955      42
2017081400 4 226 1634  960      40
2017081406 4 233 1633  960      40
2017081412 4 240 1630  960      40
2017081418 4 249 1628  960      40
2017081500 5 260 1624  955      42
2017081506 5 271 1622  955      42
2017081512 4 285 1624  965      38
2017081518 4 298 1626  965      38
2017081600 4 314 1633  975      33
2017081606 4 332 1651  975      33
2017081612 4 352 1675  975      33
2017081618 3 379 1707  980      30
2017081700 2 403 1739  992      23
2017081706 2 426 1762  998      18
66666 1713   26 0014 1713 0 6 HATO                               20180501
2017081918 1 187 1296 1004      13
2017082000 1 194 1286 1002      15
2017082006 1 198 1276 1002      15
2017082012 2 200 1267 1000      18
2017082018 2 201 1258  995      20
2017082100 2 203 1250  995      20
2017082106 2 205 1240  995      20
2017082112 2 204 1229  990      23
2017082118 2 204 1215  990      23
2017082200 3 204 1201  985      25
2017082206 3 205 1188  980      30
2017082209 4 205 1179  975      33
2017082212 4 206 1173  975      33
2017082215 4 208 1167  965      35
2017082218 4 211 1160  965      35
2017082221 4 213 1152  955      40
2017082300 5 215 1145  950      45
2017082303 6 218 1138  935      52
2017082306 5 221 1129  955      42
2017082312 3 226 1109  985      25
2017082318 2 229 1092  990      23
2017082400 2 232 1076  994      18
2017082406 1 235 1063  996      15
2017082412 1 237 1050  998      13
2017082418 1 236 1028  998      13
2017082500 0 237  998 1000      10
66666 1714   21 0015 1714 0 6 PAKHAR                             20180501
2017082400 1 154 1287 1006      13
2017082406 1 156 1275 1004      15
2017082412 2 155 1260  998      18
2017082418 2 150 1250  995      20
2017082500 2 150 1239  995      20
2017082506 2 154 1230  990      23
2017082512 2 160 1223  990      23
2017082518 2 167 1212  990      23
2017082600 2 175 1199  995      20
2017082603 2 178 1192  995      20
2017082606 2 181 1184  990      23
2017082609 2 186 1176  990      23
2017082612 2 191 1167  990      23
2017082615 3 199 1159  982      28
2017082618 3 207 1151  982      28
2017082621 3 212 1144  980      30
2017082700 3 219 1134  980      30
2017082706 2 228 1116  992      20
2017082712 1 231 1099 1000      15
2017082718 1 234 1084 1002      13
2017082800 0 236 1067 1004      10
66666 1715   40 0016 1715 0 6 SANVU                              20180501
2017082712 1 188 1470 1002      13
2017082718 1 191 1471 1002      13
2017082800 1 194 1471 1000      15
2017082806 2 197 1471  998      18
2017082812 2 201 1472  998      18
2017082818 2 209 1476  995      20
2017082900 2 217 1478  995      20
2017082906 2 226 1478  990      23
2017082912 2 242 1474  990      23
2017082918 2 257 1460  990      23
2017083000 3 267 1442  988      25
2017083006 3 268 1428  988      25
2017083012 3 269 1414  988      25
2017083018 3 266 1408  985      28
2017083100 3 268 1418  985      28
2017083106 3 272 1420  980      30
2017083112 4 279 1419  975      33
2017083118 4 277 1416  970      35
2017090100 4 272 1423  960      40
2017090106 4 273 1431  960      40
2017090112 4 279 1436  965      38
2017090118 4 285 1440  970      35
2017090200 4 294 1446  970      35
2017090206 4 313 1457  975      33
2017090212 4 330 1470  975      33
2017090218 3 352 1481  980      30
2017090300 3 384 1501  982      28
2017090306 3 416 1527  985      25
2017090312 9 452 1546  985      23
2017090318 9 478 1566  985      20
2017090400 9 496 1570  975      20
2017090406 9 504 1580  970      20
2017090412 9 513 1593  970      20
2017090418 9 520 1610  975      18
2017090500 9 526 1640  980      18
2017090506 9 530 1668  980      18
2017090512 9 535 1700  980      18
2017090518 9 538 1728  988      15
2017090600 9 536 1758  990      15
2017090606 9 532 1790  990      15
66666 1716   22 0017 1716 0 6 MAWAR                              20180501
2017083100 1 193 1199 1002      13
2017083106 1 194 1196 1002      13
2017083112 1 196 1193 1000      15
2017083118 2 198 1191  998      18
2017090100 2 200 1189  998      18
2017090106 2 203 1186  998      18
2017090112 2 206 1182  998      18
2017090118 2 209 1177  998      18
2017090200 2 211 1173  990      23
2017090206 2 213 1171  990      23
2017090212 3 215 1170  990      25
2017090215 3 217 1169  990      25
2017090218 3 218 1168  990      25
2017090221 3 219 1167  990      25
2017090300 3 220 1166  990      25
2017090303 3 222 1165  990      25
2017090306 3 224 1164  990      25
2017090309 3 225 1163  990      25
2017090312 2 226 1161  990      23
2017090318 1 231 1153 1000      15
2017090400 1 234 1145 1002      13
2017090406 0 237 1135 1004      10
66666 1717   16 0018 1717 0 6 GUCHOL                             20180501
2017090318 0 162 1298 1004      10
2017090400 1 163 1283 1002      13
2017090406 1 164 1273 1002      13
2017090412 1 165 1260 1002      13
2017090418 1 167 1252 1002      13
2017090500 1 175 1248 1002      13
2017090506 1 190 1242 1002      13
2017090512 1 198 1225 1002      13
2017090518 2 203 1208  998      18
2017090600 2 204 1204  998      18
2017090606 2 207 1200  998      18
2017090612 2 217 1200  998      18
2017090618 1 222 1193 1000      15
2017090700 1 228 1189 1002      13
2017090706 1 237 1191 1002      13
2017090712 0 245 1196 1008      10
66666 1718   53 0019 1718 0 6 TALIM                              20180501
2017090900 1 149 1452 1002      13
2017090906 1 151 1440 1000      15
2017090912 2 153 1430  998      18
2017090918 2 156 1417  995      20
2017091000 2 160 1405  995      20
2017091006 2 164 1397  990      23
2017091012 2 167 1385  990      23
2017091018 3 173 1373  988      25
2017091100 3 181 1361  985      28
2017091106 3 190 1347  980      30
2017091112 3 198 1332  980      30
2017091118 4 205 1317  975      33
2017091200 4 213 1305  970      35
2017091206 4 219 1288  970      35
2017091212 4 226 1278  965      38
2017091218 4 235 1268  965      38
2017091300 4 242 1261  965      38
2017091306 5 249 1258  955      42
2017091312 5 256 1254  950      45
2017091318 5 260 1250  945      48
2017091400 5 266 1245  940      50
2017091406 6 271 1241  935      52
2017091412 5 273 1242  945      48
2017091418 5 277 1243  950      45
2017091500 5 280 1245  955      42
2017091506 4 284 1249  960      40
2017091512 4 287 1253  965      38
2017091518 4 289 1257  970      35
2017091600 4 294 1261  975      33
2017091606 3 294 1267  980      30
2017091612 3 298 1276  980      30
2017091618 3 301 1286  980      30
2017091700 3 308 1302  980      30
2017091706 3 323 1320  982      28
2017091712 3 346 1347  982      28
2017091718 9 374 1378  984      25
2017091800 9 409 1394  978      25
2017091806 9 440 1419  976      25
2017091812 9 465 1431  976      25
2017091818 9 484 1437  980      23
2017091900 9 499 1442  980      23
2017091906 9 507 1446  980      23
2017091912 9 513 1450  984      20
2017091918 9 517 1454  988      20
2017092000 9 521 1458  990      18
2017092006 9 526 1461  992      18
2017092012 9 533 1462  994      18
2017092018 9 538 1462  994      18
2017092100 9 545 1464  996      15
2017092106 9 553 1466  998      15
2017092112 9 559 1466 1000      13
2017092118 9 564 1473 1000      13
2017092200 9 569 1480 1000      13
66666 1719   22 0020 1719 0 6 DOKSURI                            20180501
2017091100 1 148 1261 1004      13
2017091106 1 147 1248 1002      15
2017091112 1 147 1238 1002      15
2017091118 1 147 1229 1002      15
2017091200 1 145 1219 1002      15
2017091206 2 147 1207  998      18
2017091212 2 146 1195  998      18
2017091218 2 147 1183  995      20
2017091300 2 148 1172  995      20
2017091306 2 153 1160  990      23
2017091312 2 156 1146  990      23
2017091318 3 158 1135  988      25
2017091400 3 161 1124  985      28
2017091406 4 164 1112  975      33
2017091412 4 169 1100  965      38
2017091418 4 174 1089  960      40
2017091500 5 178 1074  955      42
2017091506 5 179 1061  955      42
2017091512 3 180 1046  980      30
2017091518 2 182 1027  995      23
2017091600 1 186 1013 1002      15
2017091606 1 195 1001 1004      13
66666 0000   13 0021 0000 0 6 (nameless)                         20180501
2017092312 1 173 1162 1002      13
2017092315 1 177 1157 1002      13
2017092318 1 179 1149 1000      15
2017092321 1 181 1142 1000      15
2017092400 2 183 1133  998      18
2017092403 2 185 1123  998      18
2017092406 2 187 1118  995      20
2017092409 2 188 1113  995      20
2017092412 2 189 1108  995      20
2017092418 1 195 1095 1000      15
2017092500 2 202 1082  998      18
2017092506 1 211 1071 1000      15
2017092512 1 218 1059 1004      13
66666 0000    9 0022 0000 0 6 (nameless)                         20180501
2017100812 1 165 1134 1004      13
2017100818 1 162 1126 1002      13
2017100900 1 162 1117 1002      13
2017100906 1 166 1106 1002      13
2017100912 1 172 1093 1000      15
2017100918 1 177 1076 1000      15
2017101000 1 184 1058  998      15
2017101006 1 200 1036 1004      13
2017101012 0 215 1019 1006      10
66666 1720   25 0023 1720 0 6 KHANUN                             20180501
2017101106 1 163 1322 1002      13
2017101112 1 166 1302 1002      13
2017101118 1 172 1280 1002      13
2017101200 1 176 1264 1002      13
2017101206 1 179 1250 1000      15
2017101212 2 180 1237  998      18
2017101218 2 181 1221  998      18
2017101300 2 178 1206  998      18
2017101306 2 174 1192  992      20
2017101312 2 172 1188  992      20
2017101318 3 172 1185  985      25
2017101400 3 173 1183  985      25
2017101406 3 177 1180  982      28
2017101412 3 186 1176  980      30
2017101418 4 195 1166  970      35
2017101421 4 198 1157  965      38
2017101500 4 200 1149  965      38
2017101503 4 203 1142  960      40
2017101506 5 205 1135  955      42
2017101509 4 206 1126  960      40
2017101512 4 207 1118  965      38
2017101515 4 207 1113  970      35
2017101518 3 207 1107  985      28
2017101600 2 201 1099  998      18
2017101606 1 203 1094 1000      15
66666 1721   35 0024 1721 0 6 LAN                                20180501
2017101506 1  87 1374 1004      13
2017101512 1  92 1369 1002      15
2017101518 2  97 1364  998      18
2017101600 2 101 1359  998      18
2017101606 2 105 1352  995      20
2017101612 2 108 1344  995      20
2017101618 2 105 1336  995      20
2017101700 2 102 1330  992      23
2017101706 3 101 1324  985      25
2017101712 3 105 1323  982      28
2017101718 3 109 1324  980      30
2017101800 3 120 1325  980      30
2017101806 3 130 1322  980      30
2017101812 4 140 1314  975      33
2017101818 4 146 1307  970      35
2017101900 4 153 1302  965      38
2017101906 4 162 1301  965      38
2017101912 4 170 1300  965      38
2017101918 4 179 1299  965      38
2017102000 5 188 1300  955      42
2017102006 5 197 1300  950      45
2017102012 5 203 1302  945      48
2017102018 6 208 1307  935      52
2017102100 6 213 1312  925      58
2017102106 6 223 1320  925      58
2017102112 6 238 1326  930      55
2017102118 6 255 1332  930      55
2017102200 6 278 1337  935      52
2017102206 5 298 1345  945      48
2017102212 5 321 1362  955      42
2017102218 4 348 1381  960      40
2017102300 9 372 1414  975      30
2017102306 9 410 1462  980      25
2017102312 9 426 1503  980      25
2017102318 9 440 1554  990      20
66666 1722   30 0025 1722 0 6 SAOLA                              20180501
2017102206 1  92 1482 1002      13
2017102212 1  90 1482 1002      13
2017102218 1  90 1480 1002      13
2017102300 1  91 1477 1002      13
2017102306 1  92 1474 1002      13
2017102312 1  94 1468 1002      13
2017102318 1 105 1456 1000      15
2017102400 1 118 1439 1000      15
2017102406 2 132 1419  998      18
2017102412 2 140 1396  998      18
2017102418 2 136 1369  998      18
2017102500 2 143 1358  995      20
2017102506 2 155 1353  995      20
2017102512 2 166 1345  995      20
2017102518 2 171 1335  990      23
2017102600 2 177 1326  990      23
2017102606 2 186 1321  990      23
2017102612 2 196 1312  990      23
2017102618 2 204 1304  990      23
2017102700 3 215 1298  985      25
2017102706 3 226 1290  985      25
2017102712 3 237 1283  982      28
2017102718 3 242 1282  982      28
2017102800 3 256 1280  980      30
2017102806 4 271 1284  975      33
2017102812 4 284 1293  975      33
2017102818 4 300 1304  975      33
2017102900 3 312 1329  980      30
2017102906 3 323 1356  980      30
2017102912 9 343 1400  990      25
66666 1723   21 0026 1723 0 6 DAMREY                             20180501
2017103100 1 111 1278 1008      13
2017103106 1 109 1259 1008      13
2017103112 1 111 1240 1005      15
2017103118 1 113 1224 1005      15
2017110100 1 116 1213 1005      15
2017110106 1 117 1203 1005      15
2017110112 1 118 1192 1005      15
2017110118 1 121 1182 1005      15
2017110200 2 125 1175  998      18
2017110206 2 129 1168  995      20
2017110212 3 129 1155  988      25
2017110218 3 127 1143  985      28
2017110300 4 127 1135  975      33
2017110306 4 128 1127  970      35
2017110312 4 129 1116  965      38
2017110318 5 128 1103  955      42
2017110400 4 126 1091  965      38
2017110406 3 125 1080  985      28
2017110412 2 125 1064 1000      18
2017110418 1 133 1055 1004      15
2017110500 1 140 1046 1008      13
66666 1724   23 0027 1724 0 6 HAIKUI                             20180501
2017110718 1 106 1322 1006      13
2017110800 1 108 1305 1006      13
2017110806 1 110 1288 1006      13
2017110812 1 114 1270 1006      13
2017110818 1 122 1254 1004      15
2017110900 1 127 1241 1004      15
2017110906 1 132 1228 1004      15
2017110912 1 138 1215 1004      15
2017110918 1 142 1203 1002      15
2017111000 2 150 1192  998      18
2017111006 2 160 1183  998      18
2017111012 2 168 1177  995      20
2017111018 2 172 1169  995      20
2017111100 2 177 1159  990      23
2017111106 2 179 1149  990      23
2017111112 2 179 1142  990      23
2017111118 2 178 1135  995      20
2017111200 2 178 1129  998      18
2017111206 2 176 1123  998      18
2017111212 1 175 1118 1006      13
2017111218 1 175 1112 1006      13
2017111300 1 175 1106 1006      13
2017111306 1 174 1100 1006      13
66666 1725   12 0028 1725 0 6 KIROGI                             20180501
2017111618 1  73 1225 1006      13
2017111700 1  87 1200 1006      13
2017111706 1  99 1182 1004      15
2017111712 1 102 1170 1004      15
2017111718 1 105 1160 1004      15
2017111800 2 110 1148 1000      18
2017111806 2 113 1133 1000      18
2017111812 2 111 1125 1000      18
2017111818 2 108 1117 1000      18
2017111900 2 107 1107 1000      18
2017111906 1 113 1093 1002      15
2017111912 1 120 1078 1006      13
66666 1726   40 0029 1726 0 6 KAI-TAK                            20180501
2017121300 1 109 1293 1004      13
2017121306 1 112 1289 1004      13
2017121312 1 113 1285 1004      13
2017121318 1 113 1283 1002      15
2017121400 1 113 1281 1002      15
2017121406 2 113 1279 1000      18
2017121412 2 115 1277 1000      18
2017121418 2 116 1277 1000      18
2017121500 2 117 1277  998      20
2017121506 2 118 1277  998      20
2017121512 2 119 1276  995      23
2017121518 2 121 1270  995      23
2017121600 2 121 1263  995      23
2017121606 2 122 1257  995      23
2017121612 2 122 1252  995      23
2017121618 2 121 1247  998      20
2017121700 2 121 1241 1000      18
2017121706 2 119 1226 1000      18
2017121712 2 114 1215 1000      18
2017121718 2 109 1206 1000      18
2017121800 2 105 1196 1000      18
2017121806 2 103 1190 1000      18
2017121812 2 102 1180 1000      18
2017121818 2 101 1169 1000      18
2017121900 2 100 1162 1000      18
2017121906 2  96 1155  995      20
2017121912 2  90 1148  995      20
2017121918 2  85 1139  995      20
2017122000 2  79 1131  995      20
2017122006 2  75 1124  995      20
2017122012 2  71 1117  990      23
2017122018 2  68 1108  990      23
2017122100 2  67 1100  995      20
2017122106 2  65 1092  998      18
2017122112 2  64 1084  998      18
2017122118 1  60 1075 1000      15
2017122200 1  56 1067 1004      13
2017122206 1  53 1059 1004      13
2017122212 1  47 1052 1004      13
2017122218 1  42 1046 1004      13
66666 1727   26 0030 1727 0 6 TEMBIN                             20180501
2017122000 1  83 1338 1004      13
2017122006 1  85 1327 1004      13
2017122012 1  89 1316 1002      15
2017122018 2  88 1306 1000      18
2017122100 2  85 1297  995      20
2017122106 2  82 1288  990      23
2017122112 3  80 1277  985      25
2017122118 3  78 1266  982      28
2017122200 3  78 1255  985      25
2017122206 2  79 1239  990      23
2017122212 2  79 1224  990      23
2017122218 3  79 1213  985      25
2017122300 3  77 1203  982      28
2017122306 3  76 1189  982      28
2017122312 3  77 1175  980      30
2017122318 4  81 1160  975      33
2017122400 4  82 1147  970      35
2017122406 4  82 1132  965      38
2017122412 4  83 1121  965      38
2017122418 4  83 1110  965      38
2017122500 4  83 1099  970      35
2017122506 3  84 1088  985      25
2017122512 2  86 1075  990      23
2017122518 2  85 1061  995      20
2017122600 1  85 1049 1002      15
2017122606 1  84 1043 1006      13