66666 0000    9 0001 0000 0 6 (nameless)                         20160324
2016052606 1 188 1148 1002      13
2016052612 1 189 1136 1002      13
2016052618 1 194 1127 1002      13
2016052700 1 202 1122  998      15
2016052706 1 213 1121  998      15
2016052712 1 225 1123 1000      13
2016052718 1 237 1126 1002      13
2016052800 0 247 1134 1005      10
2016052806 0 257 1146 1005      10
66666 0000   31 0002 1601 0 6 NEPARTAK                           20160324
2016070212 1  82 1453 1000      15
2016070218 1  85 1452 1000      15
2016070300 2  88 1450  998      18
2016070306 2  92 1448  998      18
2016070312 2  99 1442  995      20
2016070318 2 109 1435  995      20
2016070400 2 118 1423  995      20
2016070406 2 128 1410  992      23
2016070412 3 135 1396  990      25
2016070418 3 145 1383  985      28
2016070500 4 153 1366  975      33
2016070506 4 163 1351  960      40
2016070512 6 171 1336  940      52
2016070518 6 180 1319  915      62
2016070600 6 187 1302  905      68
2016070606 6 195 1285  895      72
2016070612 6 201 1270  895      72
2016070618 6 207 1256  895      72
2016070700 6 213 1244  895      72
2016070706 6 216 1234  895      72
2016070712 6 219 1227  895      72
2016070718 6 224 1218  915      62
2016070800 5 226 1207  950      45
2016070806 4 232 1201  965      38
2016070812 4 231 1198  975      33
2016070818 3 233 1196  985      25
2016070900 2 243 1191  990      23
2016070906 2 247 1187  992      20
2016070912 2 251 1181  995      18
2016070918 1 258 1169  996      15
2016071000 1 264 1165  998      13
66666 0000   10 0003 0000 0 6 (nameless)                         20160324
2016071700 1 193 1302 1002      13
2016071706 1 202 1297 1000      15
2016071712 1 215 1293 1000      15
2016071718 1 227 1288 1002      13
2016071800 1 237 1283 1002      13
2016071806 1 249 1283 1002      13
2016071812 1 263 1281 1002      13
2016071818 1 272 1281 1002      13
2016071900 1 278 1281 1002      13
2016071906 1 284 1282 1002      13
66666 0000   15 0004 1602 0 6 LUPIT                              20160324
2016072218 1 248 1515 1004      13
2016072300 1 254 1526 1004      13
2016072306 1 263 1542 1000      15
2016072312 1 274 1554 1000      15
2016072318 2 285 1568  998      18
2016072400 2 306 1582  998      18
2016072406 2 330 1593  995      20
2016072412 2 350 1595  995      20
2016072418 9 373 1593 1000      18
2016072500 9 407 1590 1000      18
2016072506 9 440 1578 1000      18
2016072512 9 456 1565 1008      15
2016072518 9 467 1554 1012      15
2016072600 9 475 1540 1014      10
2016072606 9 487 1527 1014      10
66666 0000   12 0005 1603 0 6 MIRINAE                            20160324
2016072512 1 171 1148 1002      13
2016072518 1 173 1140 1002      13
2016072600 1 180 1131 1000      15
2016072606 2 184 1121  995      20
2016072612 3 187 1110  985      28
2016072618 2 189 1096  992      23
2016072700 2 195 1085  998      18
2016072706 2 199 1074  990      23
2016072712 3 200 1067  980      30
2016072718 2 202 1060  988      23
2016072800 2 206 1056  995      20
2016072806 1 213 1051 1000      15
66666 0000   19 0006 1604 0 6 NIDA                               20160324
2016072912 1 120 1273 1002      13
2016072918 1 129 1271 1000      15
2016073000 1 140 1267  998      18
2016073006 2 152 1260  995      20
2016073012 2 162 1247  990      23
2016073018 2 169 1237  985      25
2016073100 3 174 1230  985      25
2016073106 3 180 1222  982      28
2016073112 3 187 1211  982      28
2016073118 3 195 1202  982      28
2016080100 3 201 1189  980      30
2016080106 3 211 1175  975      33
2016080112 4 218 1160  965      38
2016080118 4 224 1150  970      35
2016080200 2 228 1136  982      25
2016080206 2 235 1123  994      20
2016080212 1 239 1108  995      15
2016080218 1 243 1094  998      13
2016080300 0 249 1079 1000      10
66666 0000   31 0007 1605 0 6 OMAIS                              20160324
2016080306 1 175 1479 1002      13
2016080312 1 176 1483 1002      13
2016080318 1 180 1485 1000      15
2016080400 1 184 1486 1000      15
2016080406 2 189 1487  998      18
2016080412 2 193 1485  998      18
2016080418 2 197 1481  998      18
2016080500 2 204 1477  995      20
2016080506 2 214 1475  992      23
2016080512 3 225 1475  990      25
2016080518 3 233 1475  985      28
2016080600 3 243 1476  985      28
2016080606 3 251 1475  980      30
2016080612 3 262 1476  980      30
2016080618 3 275 1475  980      30
2016080700 3 287 1469  980      30
2016080706 3 298 1464  980      30
2016080712 3 309 1458  985      28
2016080718 3 320 1450  985      28
2016080800 3 333 1444  985      28
2016080806 3 344 1442  990      25
2016080812 3 354 1444  990      25
2016080818 2 366 1447  990      23
2016080900 2 379 1457  990      23
2016080906 2 400 1471  990      23
2016080912 2 417 1486  992      20
2016080918 9 441 1512  992      20
2016081000 9 464 1532  988      20
2016081006 9 486 1563  988      20
2016081012 9 504 1598  988      20
2016081018 9 522 1628  986      18
66666 0000   33 0008 1606 0 6 CONSON                             20160324
2016080718 1 183 1620 1002      13
2016080800 1 176 1618 1002      13
2016080806 1 171 1614 1005      15
2016080812 1 170 1608 1005      15
2016080818 1 171 1601 1005      15
2016080900 2 170 1593  998      18
2016080906 2 169 1587  995      20
2016080912 2 172 1578  995      20
2016080918 2 179 1569  990      23
2016081000 2 182 1560  990      23
2016081006 2 186 1552  990      23
2016081012 2 189 1543  990      23
2016081018 2 196 1539  990      23
2016081100 2 201 1537  990      23
2016081106 2 205 1539  990      23
2016081112 2 218 1545  990      23
2016081118 2 236 1554  990      23
2016081200 2 252 1556  990      23
2016081206 2 263 1556  992      20
2016081212 2 276 1554  992      20
2016081218 2 288 1553  992      20
2016081300 2 298 1551  992      20
2016081306 2 317 1542  992      20
2016081312 2 329 1531  990      23
2016081318 2 340 1522  990      23
2016081400 2 358 1512  990      23
2016081406 2 381 1496  990      23
2016081412 2 404 1478  990      20
2016081418 2 423 1461  990      20
2016081500 9 438 1456  990      20
2016081506 9 463 1458  994      18
2016081512 9 488 1454  996      18
2016081518 9 532 1440  998      15
66666 0000   24 0009 1607 0 6 CHANTHU                            20160324
2016081300 1 176 1398 1002      13
2016081306 1 186 1406 1000      15
2016081312 1 193 1413 1000      15
2016081318 2 200 1420  998      18
2016081400 2 210 1429  998      18
2016081406 2 228 1439  995      20
2016081412 2 243 1444  995      20
2016081418 2 254 1447  988      23
2016081500 2 267 1447  988      23
2016081506 2 279 1444  988      23
2016081512 2 291 1439  990      20
2016081518 2 303 1430  990      20
2016081600 2 317 1423  988      23
2016081606 2 331 1415  988      23
2016081612 2 343 1411  988      23
2016081618 2 357 1412  988      23
2016081700 2 377 1416  988      23
2016081706 2 408 1425  990      20
2016081712 9 443 1431  990      20
2016081718 9 479 1446  990      18
2016081800 9 518 1455  990      15
2016081806 9 546 1465  990      15
2016081812 9 578 1475  990      15
2016081818 9 605 1491  990      10
66666 0000   20 0010 1608 0 6 DIANMU                             20160324
2016081506 1 219 1171  995      13
2016081512 1 217 1163  995      13
2016081518 1 216 1154  995      13
2016081600 1 216 1147  995      13
2016081606 1 217 1139  994      13
2016081612 1 217 1136  994      13
2016081618 1 216 1133  992      13
2016081700 1 215 1131  992      15
2016081706 1 214 1129  992      15
2016081712 1 213 1127  992      15
2016081718 1 212 1124  990      15
2016081800 2 211 1120  985      18
2016081806 2 209 1108  982      20
2016081812 2 204 1096  982      20
2016081818 2 204 1086  980      23
2016081900 2 205 1076  980      23
2016081906 2 207 1065  980      23
2016081912 2 209 1050  988      20
2016081918 1 216 1030  996      13
2016082000 0 230 1013  998      10
66666 0000   25 0011 1609 0 6 MINDULLE                           20160324
2016081700 0 153 1389 1004      10
2016081706 1 152 1399 1002      13
2016081712 1 151 1406 1002      13
2016081718 1 151 1413 1000      15
2016081800 1 153 1420 1000      15
2016081806 1 157 1428 1000      15
2016081812 1 162 1431 1000      15
2016081818 1 169 1430 1000      15
2016081900 2 173 1425  998      18
2016081906 2 179 1417  998      18
2016081912 2 186 1409  998      18
2016081918 2 196 1407  998      18
2016082000 2 204 1408  995      20
2016082006 2 222 1410  992      23
2016082012 2 242 1411  992      23
2016082018 2 262 1408  992      23
2016082100 3 280 1406  990      25
2016082106 3 298 1399  990      25
2016082112 3 316 1396  985      28
2016082118 3 332 1392  980      30
2016082200 3 343 1394  980      30
2016082206 3 359 1400  980      30
2016082212 3 378 1406  985      25
2016082218 2 406 1416  992      23
2016082300 2 436 1434  995      20
66666 0000   53 0012 1610 0 6 Lionrock                           20160324
2016081718 1 283 1536 1000      15
2016081800 1 291 1520 1000      15
2016081806 1 303 1500 1000      15
2016081812 1 313 1487 1000      15
2016081818 1 322 1468 1000      15
2016081900 1 328 1449 1000      15
2016081906 1 331 1429 1000      15
2016081912 1 329 1413  998      15
2016081918 2 324 1398  995      18
2016082000 2 316 1386  995      18
2016082006 2 311 1375  995      18
2016082012 2 308 1366  995      18
2016082018 2 304 1355  995      18
2016082100 2 300 1343  995      18
2016082106 2 295 1336  995      18
2016082112 2 293 1333  990      20
2016082118 2 290 1332  990      20
2016082200 2 288 1333  990      20
2016082206 2 287 1336  990      20
2016082212 2 286 1341  990      23
2016082218 2 282 1343  990      23
2016082300 3 279 1345  988      25
2016082306 3 274 1343  985      28
2016082312 3 268 1341  980      30
2016082318 4 260 1333  975      33
2016082400 4 254 1328  965      38
2016082406 5 249 1323  955      42
2016082412 5 244 1318  955      42
2016082418 5 239 1314  945      48
2016082500 5 236 1310  945      48
2016082506 5 235 1309  945      48
2016082512 5 235 1308  945      48
2016082518 5 230 1305  945      48
2016082600 5 231 1309  945      48
2016082606 5 231 1313  945      48
2016082612 5 232 1321  955      42
2016082618 5 235 1325  955      42
2016082700 5 238 1330  950      45
2016082706 5 240 1339  945      48
2016082712 5 245 1347  945      48
2016082718 5 251 1355  945      48
2016082800 5 261 1366  940      50
2016082806 6 278 1379  935      52
2016082812 6 285 1389  935      52
2016082818 5 294 1404  945      48
2016082900 5 305 1418  950      45
2016082906 5 315 1428  955      42
2016082912 4 324 1435  960      38
2016082918 4 340 1438  965      35
2016083000 4 360 1430  970      33
2016083006 3 376 1421  975      30
2016083012 3 410 1402  978      25
2016083018 9 435 1365  980      18
66666 0000   13 0013 1611 0 6 KOMPASU                            20160324
2016081900 1 257 1530 1000      13
2016081906 1 274 1526 1000      13
2016081912 1 296 1512  998      15
2016081918 1 315 1494  998      15
2016082000 2 328 1475  995      18
2016082006 2 346 1457  995      18
2016082012 2 363 1434  995      18
2016082018 2 378 1425  995      18
2016082100 2 389 1427  995      18
2016082106 2 406 1430  995      18
2016082112 1 425 1439 1002      15
2016082118 9 448 1447 1002      13
2016082200 9 468 1458 1002      13
66666 0000   21 0014 1612 0 6 Namtheun                           20160324
2016083100 1 210 1233 1002      13
2016083106 1 213 1247 1002      13
2016083112 1 221 1259 1000      15
2016083118 1 230 1267 1000      15
2016090100 2 238 1276  998      18
2016090106 2 244 1290  992      23
2016090112 3 250 1301  985      28
2016090118 4 257 1307  975      33
2016090200 4 265 1308  970      35
2016090206 5 271 1308  950      45
2016090212 5 277 1308  950      45
2016090218 5 285 1306  950      45
2016090300 5 293 1304  955      42
2016090306 4 300 1301  965      38
2016090312 3 306 1299  980      30
2016090318 3 311 1297  990      25
2016090400 3 315 1296  990      25
2016090406 2 320 1296  992      23
2016090412 2 324 1297  995      20
2016090418 2 331 1299  998      18
2016090500 1 339 1303 1002      13
66666 0000    9 0015 1613 0 6 Malou                              20160324
2016090512 0 247 1243 1006      10
2016090518 1 255 1248 1004      13
2016090600 1 263 1257 1002      15
2016090606 2 271 1268  998      18
2016090612 2 284 1283  995      20
2016090618 2 291 1293  995      20
2016090700 2 295 1304  998      18
2016090706 1 305 1321 1002      15
2016090712 1 320 1340 1004      13
66666 0000   34 0016 1614 0 6 MERANTI                            20160324
2016090900 1 130 1428 1002      13
2016090906 1 135 1425 1002      13
2016090912 1 138 1419 1000      15
2016090918 1 141 1411 1000      15
2016091000 1 145 1401 1000      15
2016091006 2 149 1391  998      18
2016091012 2 153 1380  998      18
2016091018 2 159 1370  992      23
2016091100 3 164 1357  985      28
2016091106 4 167 1344  975      33
2016091112 4 173 1332  965      38
2016091118 5 176 1317  955      42
2016091200 6 180 1304  940      52
2016091206 6 183 1294  925      58
2016091212 6 189 1282  915      62
2016091218 6 193 1268  915      62
2016091300 6 196 1255  910      65
2016091306 6 202 1242  900      70
2016091312 6 204 1229  890      75
2016091318 6 208 1218  905      68
2016091400 6 215 1208  915      62
2016091406 6 225 1199  925      58
2016091412 6 235 1190  935      55
2016091418 6 243 1184  940      52
2016091500 3 252 1175  990      25
2016091506 2 260 1169  998      18
2016091512 1 272 1171 1000      15
2016091518 1 288 1177 1002      15
2016091600 1 301 1187 1002      15
2016091606 1 318 1197 1002      15
2016091612 1 331 1214 1002      15
2016091618 1 337 1230 1004      13
2016091700 1 335 1238 1004      13
2016091706 1 329 1244 1004      13
66666 0000   12 0017 1615 0 6 RAI                                20160324
2016091112 1 127 1141 1002      15
2016091118 1 132 1133 1002      15
2016091200 1 136 1123 1002      15
2016091206 1 142 1112 1002      15
2016091212 1 148 1102  998      15
2016091218 2 155 1088  996      18
2016091300 2 160 1074  998      18
2016091306 1 160 1060  998      15
2016091312 1 161 1048 1002      13
2016091318 1 163 1036 1002      13
2016091400 0 167 1028 1004      10
2016091406 0 172 1019 1004      10
66666 0000   36 0018 1616 0 6 MALAKAS                            20160324
2016091118 1 125 1447 1002      13
2016091200 1 128 1432 1002      13
2016091206 1 131 1419 1000      15
2016091212 1 135 1408 1000      15
2016091218 1 139 1395 1000      15
2016091300 2 142 1379  998      18
2016091306 2 145 1368  995      20
2016091312 2 148 1356  992      23
2016091318 3 150 1344  990      25
2016091400 3 155 1333  980      30
2016091406 4 158 1321  975      33
2016091412 4 164 1311  970      35
2016091418 4 167 1300  965      38
2016091500 4 171 1287  965      38
2016091506 4 176 1278  965      38
2016091512 5 184 1268  955      42
2016091518 5 193 1256  955      42
2016091600 5 201 1246  955      42
2016091606 5 211 1239  950      45
2016091612 5 221 1234  945      48
2016091618 5 229 1231  940      50
2016091700 5 241 1230  940      50
2016091706 5 253 1228  940      50
2016091712 5 258 1227  945      48
2016091718 5 262 1227  945      48
2016091800 5 268 1235  950      45
2016091806 5 275 1242  955      42
2016091812 5 280 1251  955      45
2016091818 5 286 1260  945      48
2016091900 5 294 1271  945      48
2016091906 5 302 1283  945      48
2016091912 5 308 1298  950      45
2016091918 4 316 1315  960      40
2016092000 4 327 1335  970      35
2016092006 3 343 1361  985      25
2016092012 2 345 1383 1004      18
66666 0000   29 0019 1617 0 6 MEGI                               20160324
2016092218 1 154 1412 1002      13
2016092300 2 156 1405  998      18
2016092306 2 158 1397  998      18
2016092312 2 160 1386  998      18
2016092318 2 165 1375  995      20
2016092400 2 173 1364  992      23
2016092406 3 182 1353  990      25
2016092412 3 186 1339  980      30
2016092418 4 189 1329  975      33
2016092500 4 194 1316  965      38
2016092506 4 198 1304  965      38
2016092512 4 201 1294  965      38
2016092518 4 205 1283  965      38
2016092600 5 208 1273  955      42
2016092606 5 214 1262  950      45
2016092612 5 219 1253  950      45
2016092618 5 224 1243  945      48
2016092700 6 231 1233  940      52
2016092706 5 240 1216  950      45
2016092712 4 237 1205  960      40
2016092718 4 244 1194  970      35
2016092800 3 249 1180  985      28
2016092806 2 250 1171  990      20
2016092812 2 252 1164  995      18
2016092818 1 256 1159  996      15
2016092900 1 262 1160 1002      15
2016092906 1 268 1166 1002      13
2016092912 0 276 1171 1006      10
2016092918 0 288 1175 1008      10
66666 0000   46 0020 1618 0 6 CHABA                              20160324
2016092512 1 153 1606 1002      13
2016092518 1 157 1597 1002      13
2016092600 1 161 1588 1002      13
2016092606 1 160 1578 1002      13
2016092612 1 158 1562 1002      13
2016092618 1 153 1547 1000      15
2016092700 1 147 1534 1000      15
2016092706 1 145 1521 1000      15
2016092712 1 145 1509 1000      15
2016092718 2 144 1500  998      18
2016092800 2 144 1484  998      18
2016092806 2 145 1469  998      18
2016092812 2 145 1452  998      18
2016092818 2 145 1442  998      18
2016092900 2 145 1432  998      18
2016092906 2 142 1418  995      20
2016092912 2 138 1406  995      20
2016092918 2 134 1393  992      23
2016093000 3 135 1382  990      25
2016093006 3 140 1374  990      25
2016093012 3 148 1367  990      25
2016093018 3 154 1360  985      28
2016100100 3 161 1354  985      28
2016100106 3 169 1346  980      30
2016100112 4 176 1337  975      33
2016100118 5 184 1327  955      42
2016100200 6 196 1316  940      52
2016100206 6 208 1304  940      52
2016100212 6 217 1292  940      52
2016100218 6 227 1284  940      52
2016100300 6 238 1276  930      55
2016100306 6 249 1270  920      60
2016100312 6 258 1268  920      60
2016100318 6 268 1264  920      60
2016100400 6 279 1262  930      55
2016100406 6 294 1260  940      52
2016100412 5 311 1259  950      45
2016100418 4 328 1268  960      40
2016100500 4 343 1281  975      33
2016100506 3 359 1310  990      25
2016100512 9 384 1361  995      20
2016100518 9 400 1430  995      20
2016100600 9 412 1483  995      20
2016100606 9 421 1535  995      20
2016100612 9 430 1583  995      20
2016100618 9 439 1640  995      15
66666 0000   41 0021 1619 0 6 AERE                               20160324
2016100412 1 193 1298 1002      13
2016100418 1 193 1278 1002      13
2016100500 1 188 1265 1002      13
2016100506 1 189 1252 1002      13
2016100512 1 196 1237 1000      15
2016100518 1 200 1223 1000      15
2016100600 2 205 1206  998      18
2016100606 2 206 1190  998      18
2016100612 2 206 1181  995      20
2016100618 2 205 1173  995      20
2016100700 2 203 1165  992      23
2016100706 2 207 1161  992      23
2016100712 3 210 1160  990      25
2016100718 3 212 1161  985      28
2016100800 3 213 1163  985      28
2016100806 3 215 1166  990      25
2016100812 2 216 1169  992      23
2016100818 2 217 1171  995      20
2016100900 2 218 1173  995      20
2016100906 2 219 1175  995      20
2016100912 2 219 1177  998      18
2016100918 2 218 1178  998      18
2016101000 2 215 1178  998      18
2016101006 2 213 1173  998      18
2016101012 1 210 1167 1000      15
2016101018 1 206 1160 1000      15
2016101100 1 201 1154 1000      15
2016101106 1 194 1146 1000      15
2016101112 1 185 1140 1002      13
2016101118 1 175 1135 1002      13
2016101200 1 168 1131 1002      13
2016101206 1 162 1124 1002      13
2016101212 1 164 1117 1000      15
2016101218 2 169 1107  998      18
2016101300 2 169 1094  992      23
2016101306 2 165 1085  992      23
2016101312 2 163 1078  995      20
2016101318 2 163 1071  998      18
2016101400 2 163 1063  998      18
2016101406 1 164 1056 1000      15
2016101412 1 167 1050 1002      13
66666 0000   27 0022 1620 0 6 SONGDA                             20160324
2016100700 1 183 1634 1002      13
2016100706 1 186 1619 1002      13
2016100712 1 189 1604 1002      13
2016100718 1 193 1587 1002      13
2016100800 1 194 1572 1000      15
2016100806 1 196 1558 1000      15
2016100812 2 200 1544  998      18
2016100818 2 205 1528  998      18
2016100900 2 211 1511  995      20
2016100906 2 221 1499  992      23
2016100912 3 232 1486  990      25
2016100918 3 240 1473  985      28
2016101000 4 247 1465  975      33
2016101006 4 254 1459  960      40
2016101012 5 263 1458  945      48
2016101018 5 272 1458  945      48
2016101100 5 278 1460  950      45
2016101106 5 285 1467  950      45
2016101112 5 293 1475  945      48
2016101118 5 302 1489  940      50
2016101200 5 313 1509  940      50
2016101206 5 325 1538  945      48
2016101212 5 339 1567  950      45
2016101218 4 360 1609  960      40
2016101300 4 382 1660  970      33
2016101306 9 403 1711  985      25
2016101312 9 417 1769  992      18
66666 0000   31 0023 1621 0 6 SARIKA                             20160324
2016101218 1 125 1297 1000      15
2016101300 1 129 1295 1000      15
2016101306 1 133 1291 1000      15
2016101312 2 135 1286  998      18
2016101318 2 138 1276  998      18
2016101400 2 139 1268  992      23
2016101406 2 139 1264  992      23
2016101412 3 139 1260  990      25
2016101418 3 140 1253  985      28
2016101500 4 143 1245  970      35
2016101506 4 147 1239  960      40
2016101512 5 151 1229  950      45
2016101518 6 157 1218  935      55
2016101600 5 162 1200  955      42
2016101606 4 166 1182  965      38
2016101612 4 168 1172  965      38
2016101618 4 170 1157  965      38
2016101700 4 172 1145  965      38
2016101706 4 175 1131  965      38
2016101712 4 178 1123  965      38
2016101718 4 182 1116  965      38
2016101800 4 186 1108  965      38
2016101806 4 191 1099  975      33
2016101812 3 196 1095  985      28
2016101818 3 201 1089  990      25
2016101900 2 208 1084  992      23
2016101906 2 215 1082  995      20
2016101912 1 220 1079 1002      15
2016101918 1 226 1079 1002      15
2016102000 0 232 1081 1004      10
2016102006 0 238 1087 1004      10
66666 0000   34 0024 1622 0 6 HAIMA                              20160324
2016101412 1  72 1444 1002      13
2016101418 1  79 1439 1000      15
2016101500 2  85 1433  998      18
2016101506 2  92 1423  995      20
2016101512 2  96 1413  992      23
2016101518 3  98 1401  990      25
2016101600 3 100 1396  980      30
2016101606 4 105 1392  975      33
2016101612 4 112 1386  965      38
2016101618 4 121 1378  960      40
2016101700 5 129 1367  950      45
2016101706 5 133 1356  940      50
2016101712 6 138 1345  925      58
2016101718 6 144 1334  920      60
2016101800 6 149 1322  920      60
2016101806 6 153 1308  915      62
2016101812 6 156 1291  905      68
2016101818 6 160 1276  905      68
2016101900 6 161 1260  905      68
2016101906 6 167 1247  910      65
2016101912 6 173 1232  920      60
2016101918 5 178 1216  940      50
2016102000 5 183 1203  950      45
2016102006 5 189 1189  955      42
2016102012 5 198 1175  955      42
2016102018 5 206 1165  955      42
2016102100 5 218 1157  955      42
2016102106 4 230 1151  970      35
2016102112 2 242 1149  988      23
2016102118 1 256 1153  998      15
2016102200 0 274 1165 1002      10
2016102206 0 287 1188 1002      10
2016102212 0 302 1208 1004      10
2016102218 0 305 1231 1004      10
66666 0000   31 0025 1623 0 6 MEARI                              20160324
2016103112 1 102 1443 1002      13
2016103118 1 104 1434 1002      13
2016110100 1 107 1425 1002      13
2016110106 1 112 1412 1000      15
2016110112 1 116 1400 1000      15
2016110118 1 120 1387 1000      15
2016110200 1 123 1381 1000      15
2016110206 1 126 1378 1000      15
2016110212 1 128 1376 1000      15
2016110218 1 129 1374 1000      15
2016110300 2 131 1372  998      18
2016110306 2 135 1372  998      18
2016110312 2 140 1373  998      18
2016110318 2 145 1377  995      20
2016110400 2 150 1383  992      23
2016110406 3 154 1388  990      25
2016110412 3 160 1392  990      25
2016110418 3 168 1397  985      28
2016110500 4 173 1400  975      33
2016110506 4 175 1402  970      35
2016110512 4 181 1407  965      38
2016110518 4 188 1417  965      38
2016110600 4 195 1426  960      40
2016110606 5 206 1436  955      42
2016110612 5 223 1448  955      42
2016110618 4 242 1458  960      40
2016110700 4 270 1468  970      35
2016110706 9 286 1476  975      33
2016110712 9 290 1482  990      25
2016110718 9 296 1493  995      20
2016110800 9 310 1505  998      18
66666 0000   16 0026 1624 0 6 MA-ON                              20160324
2016110818 1 128 1614 1002      13
2016110900 1 135 1608 1002      13
2016110906 1 147 1599 1002      13
2016110912 1 158 1586 1002      13
2016110918 1 165 1578 1000      15
2016111000 1 170 1569 1000      15
2016111006 1 173 1560 1000      15
2016111012 2 176 1544  998      18
2016111018 2 180 1532  998      18
2016111100 2 184 1521  998      18
2016111106 2 190 1508  998      18
2016111112 2 199 1483  998      18
2016111118 2 207 1469  998      18
2016111200 1 211 1456 1000      15
2016111206 1 216 1447 1000      15
2016111212 1 215 1434 1002      13
66666 0000   12 0027 0000 0 6 (nameless)                         20160324
2016111018 1 105 1651 1002      13
2016111100 1  99 1637 1000      15
2016111106 1  95 1622 1000      15
2016111112 1  92 1606 1002      13
2016111118 1  90 1591 1002      13
2016111200 1  90 1573 1002      13
2016111206 1  91 1561 1002      13
2016111212 1  93 1548 1002      13
2016111218 1  97 1538 1002      13
2016111300 1 104 1517 1002      13
2016111306 1 112 1500 1002      13
2016111312 1 119 1482 1002      13
66666 0000   17 0028 1625 0 6 TOKAGE                             20160324
2016112400 1  97 1266 1002      13
2016112406 1 104 1256 1002      13
2016112412 1 108 1243 1000      15
2016112418 1 112 1233 1000      15
2016112500 2 115 1225  998      18
2016112506 2 116 1214  998      18
2016112512 2 119 1208  998      18
2016112518 2 124 1200  995      20
2016112600 3 132 1187  990      25
2016112606 3 138 1178  990      25
2016112612 3 146 1171  990      25
2016112618 2 153 1170  992      23
2016112700 2 158 1174  992      23
2016112706 2 164 1180  992      23
2016112712 2 167 1182  992      23
2016112718 2 170 1184  995      20
2016112800 1 173 1187 1000      15
66666 0000   34 0029 1626 0 6 NOCK-TEN                           20160324
2016122000 1  69 1455 1002      13
2016122006 1  65 1449 1002      13
2016122012 1  62 1443 1002      13
2016122018 1  61 1433 1002      13
2016122100 1  62 1424 1000      15
2016122106 1  65 1417 1000      15
2016122112 1  69 1410 1000      15
2016122118 2  77 1401  998      18
2016122200 2  86 1389  998      18
2016122206 2  94 1379  992      23
2016122212 3 102 1365  990      25
2016122218 3 110 1348  990      25
2016122300 3 118 1332  985      28
2016122306 3 121 1321  980      30
2016122312 4 126 1311  975      33
2016122318 5 130 1298  955      42
2016122400 6 131 1290  940      52
2016122406 6 133 1282  930      58
2016122412 6 135 1275  930      58
2016122418 6 136 1268  930      58
2016122500 6 135 1260  915      62
2016122506 6 135 1251  915      62
2016122512 6 135 1240  920      60
2016122518 5 136 1226  945      50
2016122600 5 137 1214  955      42
2016122606 4 139 1202  970      35
2016122612 4 144 1187  970      35
2016122618 4 147 1173  970      35
2016122700 3 149 1162  980      30
2016122706 3 148 1158  990      25
2016122712 2 143 1154  995      20
2016122718 1 136 1147 1000      15
2016122800 1 128 1134 1002      13
2016122806 1 119 1122 1002      13