66666 1801   19 0001 1801 0 6 BOLAVEN                            20190319
2017123018 1  96 1351 1006      13
2017123100 1  96 1341 1006      13
2017123106 1  95 1332 1006      13
2017123112 1  92 1322 1006      13
2017123118 1  89 1310 1006      13
2018010100 1  88 1298 1006      13
2018010106 1  89 1283 1004      15
2018010112 1  94 1265 1004      15
2018010118 1  94 1245 1004      15
2018010200 1  93 1225 1004      15
2018010206 1  93 1208 1004      15
2018010212 1  96 1192 1004      15
2018010218 1  99 1174 1004      15
2018010300 2 104 1160 1000      18
2018010306 2 109 1148 1000      18
2018010312 2 112 1133 1000      18
2018010318 2 116 1122 1000      18
2018010400 1 123 1110 1004      15
2018010406 0 122 1099 1008      10
66666 1802   26 0002 1802 0 6 SANBA                              20190319
2018021000 1  84 1435 1008      13
2018021006 1  77 1423 1004      15
2018021012 1  69 1407 1004      15
2018021018 1  67 1391 1004      15
2018021100 1  66 1373 1004      15
2018021106 2  67 1359 1000      18
2018021112 2  70 1345 1000      18
2018021118 2  72 1331 1000      18
2018021200 2  71 1319 1000      18
2018021206 2  70 1307 1000      18
2018021212 2  75 1288 1000      18
2018021218 2  84 1274 1000      18
2018021300 2  90 1263 1000      18
2018021306 2  92 1247 1000      18
2018021312 1  90 1232 1004      15
2018021318 1  88 1220 1008      13
2018021400 1  75 1208 1008      13
2018021406 1  66 1203 1008      13
2018021412 1  67 1201 1008      13
2018021418 1  72 1198 1008      13
2018021500 1  81 1196 1008      13
2018021506 1  87 1192 1008      13
2018021512 0  90 1184 1010      10
2018021518 0  92 1175 1010      10
2018021600 0  96 1161 1010      10
2018021606 0 100 1156 1010      10
66666 1803   32 0003 1803 0 6 JELAWAT                            20190319
2018032412 1  57 1437 1002      13
2018032418 1  58 1426 1002      13
2018032500 1  60 1416 1000      15
2018032506 2  63 1404  998      18
2018032512 2  68 1392  998      18
2018032518 2  72 1384  998      18
2018032600 2  76 1376  998      18
2018032606 2  80 1368  998      18
2018032612 2  86 1360  998      18
2018032618 2  92 1353  998      18
2018032700 2  95 1351  998      18
2018032706 2  98 1351  998      18
2018032712 2 104 1351  998      18
2018032718 2 115 1352  995      20
2018032800 2 125 1352  992      23
2018032806 3 136 1352  990      25
2018032812 3 145 1352  990      25
2018032818 3 152 1353  985      28
2018032900 3 153 1354  980      30
2018032906 4 153 1356  975      33
2018032912 4 154 1361  965      38
2018032918 5 156 1368  955      42
2018033000 6 157 1373  935      52
2018033006 6 162 1381  920      60
2018033012 6 168 1390  920      60
2018033018 6 176 1398  935      52
2018033100 5 182 1408  950      45
2018033106 4 187 1414  965      38
2018033112 3 190 1421  980      30
2018033118 2 191 1432  995      18
2018040100 1 192 1445  998      15
2018040106 1 196 1458 1000      13
66666 0000   15 0004 0000 0 6 (nameless)                         20190319
2018051100 1 169 1513 1004      13
2018051106 1 170 1506 1004      13
2018051112 1 173 1499 1004      13
2018051118 1 179 1493 1004      13
2018051200 1 186 1489 1002      15
2018051206 1 191 1482 1002      15
2018051212 1 191 1475 1002      15
2018051218 1 193 1470 1002      15
2018051300 1 195 1465 1002      15
2018051306 1 200 1457 1002      15
2018051312 1 203 1450 1002      15
2018051318 1 207 1445 1004      13
2018051400 1 215 1444 1004      13
2018051406 1 224 1443 1004      13
2018051412 1 235 1444 1004      13
66666 1804   50 0005 1804 0 3 EWINIAR                            20190319
2018060212 1 120 1121 1004      13
2018060218 1 129 1119 1004      13
2018060300 1 136 1116 1004      13
2018060306 1 145 1112 1002      15
2018060312 1 152 1109 1002      15
2018060318 1 154 1108 1002      15
2018060400 1 156 1106 1002      15
2018060406 1 158 1105 1002      15
2018060412 1 161 1105 1000      15
2018060418 1 166 1106 1000      15
2018060500 2 173 1111  998      18
2018060503 2 180 1113  998      18
2018060506 2 186 1114  998      18
2018060509 2 193 1113  998      18
2018060512 2 197 1111  992      20
2018060515 2 202 1110  992      20
2018060518 2 205 1108  992      20
2018060521 2 206 1105  992      20
2018060600 2 205 1102  992      20
2018060603 2 202 1102  992      20
2018060606 2 200 1103  995      18
2018060609 2 199 1105  995      18
2018060612 2 199 1108  995      18
2018060615 2 200 1110  995      18
2018060618 2 202 1111  995      18
2018060621 2 205 1112  995      18
2018060700 2 207 1113  995      18
2018060703 2 209 1114  992      20
2018060706 2 211 1115  990      23
2018060709 2 213 1117  990      23
2018060712 2 215 1118  990      23
2018060715 2 218 1119  992      20
2018060718 2 222 1120  992      20
2018060721 2 225 1121  995      18
2018060800 2 228 1122  995      18
2018060803 2 230 1123  995      18
2018060806 2 232 1124  995      18
2018060809 2 234 1125  995      18
2018060812 1 236 1127  998      15
2018060815 1 237 1129  998      13
2018060818 1 237 1132  998      13
2018060821 1 236 1134  998      13
2018060900 0 235 1136  998      10
2018060903 0 233 1137  998      10
2018060906 0 231 1138  998      10
2018060909 0 229 1140  998      10
2018060912 0 227 1142  998      10
2018060915 0 225 1145 1000      10
2018060918 0 224 1149 1000      10
2018061000 0 225 1163 1000      10
66666 1805   26 0006 1805 0 6 MALIKSI                            20190319
2018060600 1 130 1311 1004      13
2018060606 1 138 1304 1004      13
2018060612 1 145 1297 1004      13
2018060618 1 151 1292 1004      13
2018060700 1 156 1287 1002      15
2018060706 1 160 1285 1002      15
2018060712 1 167 1281 1002      15
2018060718 1 172 1278 1002      15
2018060800 2 177 1276  996      18
2018060806 2 188 1271  996      18
2018060812 2 197 1267  996      18
2018060818 2 204 1267  994      20
2018060900 2 215 1270  990      23
2018060906 3 222 1276  985      25
2018060912 3 228 1281  985      25
2018060918 3 235 1289  980      25
2018061000 3 250 1306  975      30
2018061006 3 263 1323  975      30
2018061012 3 277 1342  978      28
2018061018 3 289 1364  978      28
2018061100 3 305 1388  980      25
2018061106 3 326 1413  980      25
2018061112 2 346 1446  982      23
2018061118 9 365 1477  982      23
2018061200 9 380 1498  984      18
2018061206 9 388 1521  984      18
66666 1806   32 0007 1806 0 3 GAEMI                              20190319
2018061312 1 215 1173  996      13
2018061318 1 217 1180  996      13
2018061400 1 218 1187  994      15
2018061403 1 219 1190  994      15
2018061406 1 220 1193  994      15
2018061409 1 222 1196  994      15
2018061412 1 224 1198  994      15
2018061415 1 225 1200  994      15
2018061418 1 226 1201  994      15
2018061421 1 227 1202  994      15
2018061500 1 228 1202  992      15
2018061506 1 234 1217  992      15
2018061512 2 245 1236  992      18
2018061518 2 255 1251  992      18
2018061600 2 264 1272  992      18
2018061606 2 270 1288  990      20
2018061612 2 273 1305  990      20
2018061618 2 278 1314  992      18
2018061700 9 285 1321  996      15
2018061706 9 294 1327  996      15
2018061712 9 300 1335  996      15
2018061718 9 305 1342  996      15
2018061800 9 310 1353  996      15
2018061806 9 317 1372  996      15
2018061812 9 320 1390 1000      13
2018061818 9 326 1416 1000      13
2018061900 9 337 1440 1000      13
2018061906 9 349 1463 1000      13
2018061912 9 358 1482 1000      13
2018061918 9 361 1502 1000      13
2018062000 9 366 1510 1000      13
2018062006 9 373 1517 1000      13
66666 1807   30 0008 1807 0 6 PRAPIROON                          20190319
2018062800 1 198 1329 1006      13
2018062806 1 198 1321 1006      13
2018062812 1 198 1314 1004      15
2018062818 1 199 1308 1004      15
2018062900 2 199 1303  998      18
2018062906 2 199 1301  998      18
2018062912 2 200 1299  995      20
2018062918 2 203 1298  995      20
2018063000 2 208 1296  990      23
2018063006 2 212 1292  990      23
2018063012 2 217 1288  990      23
2018063018 2 228 1282  990      23
2018070100 3 237 1276  985      25
2018070106 3 245 1271  985      25
2018070112 3 253 1269  980      28
2018070118 3 262 1268  970      30
2018070200 4 272 1270  965      33
2018070206 4 282 1272  965      33
2018070212 4 295 1276  965      33
2018070218 4 308 1278  960      35
2018070300 3 320 1281  965      30
2018070306 3 333 1287  965      30
2018070312 3 344 1296  975      28
2018070318 3 357 1310  980      25
2018070400 2 373 1325  985      23
2018070406 2 396 1349  986      20
2018070412 9 406 1368  986      20
2018070418 9 409 1383  986      20
2018070500 9 413 1395  992      18
2018070506 9 417 1405 1002      13
66666 1808   53 0009 1808 0 3 MARIA                              20190319
2018070300 1 101 1480 1002      13
2018070306 1 106 1478 1002      13
2018070312 1 111 1473 1002      13
2018070318 1 113 1468 1002      13
2018070400 1 116 1464 1000      15
2018070406 1 121 1462 1000      15
2018070412 2 127 1458  998      18
2018070418 2 134 1450  992      23
2018070500 3 142 1441  985      28
2018070506 4 146 1433  975      33
2018070512 4 148 1427  965      38
2018070518 5 154 1423  945      48
2018070600 6 160 1420  925      58
2018070606 6 165 1416  925      58
2018070612 6 167 1412  925      58
2018070618 6 169 1409  930      55
2018070700 6 172 1407  935      52
2018070706 6 176 1406  935      52
2018070712 6 179 1403  935      52
2018070718 6 184 1397  935      52
2018070800 6 190 1389  935      52
2018070806 6 198 1378  925      58
2018070812 6 205 1366  925      58
2018070818 6 211 1351  925      58
2018070900 6 218 1336  925      58
2018070906 6 224 1320  925      58
2018070912 6 229 1304  930      55
2018070918 6 234 1288  935      52
2018071000 5 240 1273  940      50
2018071003 5 244 1264  940      50
2018071006 5 247 1256  945      48
2018071009 5 250 1248  945      48
2018071012 5 253 1241  945      48
2018071015 5 256 1234  950      45
2018071018 5 261 1223  950      45
2018071021 5 263 1211  955      42
2018071100 4 264 1202  960      40
2018071103 3 263 1192  975      30
2018071106 2 265 1184  990      20
2018071109 2 268 1176  992      18
2018071112 1 271 1170  996      15
2018071115 1 275 1162  996      15
2018071118 1 279 1156  998      13
2018071121 1 282 1151  998      13
2018071200 0 286 1144 1000      10
2018071203 0 289 1140 1000      10
2018071206 0 292 1136 1000      10
2018071209 0 296 1133 1000      10
2018071212 0 300 1131 1000      10
2018071215 0 304 1129 1002      10
2018071218 0 310 1127 1002      10
2018071221 0 317 1126 1002      10
2018071300 0 324 1125 1002      10
66666 1809   53 0010 1809 0 3 SON-TINH                           20190319
2018071600 1 188 1253 1002      13
2018071606 1 188 1238 1000      15
2018071612 1 187 1224 1000      15
2018071618 1 190 1208 1000      15
2018071621 1 192 1196 1000      15
2018071700 2 194 1184  995      18
2018071703 2 194 1170  995      18
2018071706 2 194 1158  995      18
2018071709 2 192 1147  992      20
2018071712 2 190 1135  992      20
2018071715 2 190 1123  988      23
2018071718 2 189 1113  988      23
2018071721 2 188 1104  988      23
2018071800 2 188 1095  995      18
2018071803 2 188 1088  995      18
2018071806 2 187 1080  992      20
2018071812 2 187 1067  992      20
2018071818 2 189 1056  992      20
2018071900 2 191 1044  995      18
2018071906 1 194 1034 1000      15
2018071912 1 194 1028 1000      15
2018071918 1 197 1034 1002      13
2018072000 1 199 1038 1002      13
2018072006 1 202 1042 1002      13
2018072012 1 203 1047 1000      13
2018072018 1 202 1052 1000      13
2018072100 1 201 1056 1000      13
2018072106 1 199 1060 1000      13
2018072112 1 197 1064  998      15
2018072115 1 195 1068  998      15
2018072118 1 194 1071  998      15
2018072121 1 193 1074  998      15
2018072200 1 192 1077  998      15
2018072203 1 191 1080  998      15
2018072206 1 190 1083  998      15
2018072209 1 189 1085  990      15
2018072212 1 189 1088  990      15
2018072215 1 191 1091  994      15
2018072218 1 194 1094  994      15
2018072221 1 197 1096  994      15
2018072300 1 200 1098  994      15
2018072303 1 203 1100  994      15
2018072306 1 204 1101  994      15
2018072309 1 205 1102  994      15
2018072312 1 206 1103  994      15
2018072315 1 208 1104  994      15
2018072318 1 211 1104  994      15
2018072321 1 215 1104  994      15
2018072400 1 220 1101  994      15
2018072403 1 224 1096  994      13
2018072406 1 226 1091  994      13
2018072409 1 228 1087  996      13
2018072412 1 230 1083  996      13
66666 1810   52 0011 1810 0 3 AMPIL                              20190319
2018071800 1 191 1287 1000      15
2018071806 1 193 1293 1000      15
2018071812 2 195 1299  998      18
2018071818 2 198 1305  998      18
2018071900 2 202 1310  995      20
2018071906 2 208 1317  995      20
2018071912 2 215 1317  990      23
2018071918 2 221 1312  990      23
2018072000 3 226 1308  985      25
2018072006 3 231 1305  985      25
2018072012 3 243 1301  985      25
2018072018 3 253 1293  985      25
2018072100 3 267 1279  982      25
2018072106 3 277 1266  982      25
2018072109 3 283 1261  980      28
2018072112 3 288 1255  980      28
2018072115 3 293 1248  980      28
2018072118 3 297 1239  980      28
2018072121 3 301 1232  980      28
2018072200 3 307 1229  980      28
2018072203 3 312 1223  980      28
2018072206 3 318 1217  982      25
2018072209 2 322 1213  985      23
2018072212 2 326 1208  985      23
2018072215 2 330 1202  985      23
2018072218 2 334 1198  985      23
2018072221 2 338 1195  988      20
2018072300 2 342 1191  990      20
2018072303 2 346 1188  990      20
2018072306 2 351 1186  990      20
2018072309 2 358 1183  990      20
2018072312 2 364 1179  992      18
2018072315 2 370 1174  992      18
2018072318 2 376 1171  992      18
2018072321 2 382 1170  992      18
2018072400 2 388 1172  992      18
2018072403 2 393 1176  992      18
2018072406 2 399 1183  992      18
2018072409 2 408 1189  992      18
2018072412 2 417 1194  992      18
2018072415 1 428 1201  992      15
2018072418 9 439 1211  992      15
2018072421 9 447 1231  992      15
2018072500 9 454 1246  992      15
2018072503 9 460 1259  992      15
2018072506 9 466 1275  994      13
2018072509 9 469 1293  996      13
2018072512 9 472 1310  996      13
2018072515 9 475 1329  998      13
2018072518 9 481 1352 1000      10
2018072600 9 488 1374 1002      10
2018072606 9 494 1398 1004      10
66666 0000   14 0012 0000 0 6 (nameless)                         20190319
2018072018 1 178 1173 1000      13
2018072100 1 181 1187 1000      13
2018072106 1 184 1198  998      15
2018072112 1 190 1208  998      15
2018072118 1 197 1217  998      15
2018072200 1 208 1228  998      15
2018072206 1 222 1237  998      15
2018072212 1 237 1237  998      15
2018072218 1 251 1235  998      15
2018072300 1 265 1235  998      15
2018072306 1 283 1235 1000      13
2018072312 1 298 1229 1000      13
2018072318 1 313 1224 1000      13
2018072400 1 331 1221 1002      13
66666 1811   22 0013 1811 0 6 WUKONG                             20190319
2018072200 1 221 1595 1002      13
2018072206 1 229 1597 1002      13
2018072212 1 237 1595 1002      13
2018072218 1 245 1593 1000      15
2018072300 1 253 1596 1000      15
2018072306 2 263 1595  998      18
2018072312 2 271 1594  998      18
2018072318 2 281 1591  995      20
2018072400 2 292 1591  990      23
2018072406 2 302 1588  990      23
2018072412 2 309 1586  990      23
2018072418 2 317 1585  990      23
2018072500 3 325 1582  982      28
2018072506 3 339 1578  980      30
2018072512 3 353 1572  980      30
2018072518 3 370 1562  982      28
2018072600 3 385 1547  985      25
2018072606 2 398 1536  990      23
2018072612 2 413 1528  998      18
2018072618 9 427 1523  998      18
2018072700 9 443 1522 1000      15
2018072706 9 459 1532 1000      15
66666 1812   62 0014 1812 0 3 JONGDARI                           20190319
2018072312 1 164 1368 1004      13
2018072318 1 174 1367 1002      15
2018072400 1 182 1367 1002      15
2018072406 1 190 1367 1002      15
2018072412 2 197 1367  998      18
2018072418 2 204 1366  998      18
2018072500 2 211 1367  998      18
2018072506 2 216 1370  995      20
2018072512 2 219 1373  990      23
2018072518 3 221 1377  985      25
2018072600 3 223 1383  982      28
2018072606 3 228 1392  980      30
2018072612 4 234 1401  975      33
2018072618 4 240 1409  970      35
2018072700 4 250 1423  965      38
2018072706 5 264 1437  955      42
2018072712 5 282 1446  955      42
2018072718 5 303 1442  955      42
2018072800 4 322 1430  960      40
2018072806 4 338 1406  965      38
2018072812 4 342 1383  970      35
2018072818 3 348 1358  980      30
2018072900 2 346 1334  990      23
2018072906 2 341 1316  992      20
2018072912 2 333 1305  995      18
2018072918 2 321 1297  995      18
2018073000 2 311 1294  995      18
2018073006 2 303 1295  995      18
2018073012 1 292 1299  996      15
2018073018 1 288 1308  996      15
2018073100 2 295 1314  995      18
2018073106 2 304 1317  995      18
2018073112 2 310 1304  990      20
2018073118 2 309 1290  990      20
2018080100 2 304 1280  990      20
2018080106 2 297 1269  990      20
2018080112 2 292 1265  990      20
2018080118 2 286 1263  990      20
2018080200 2 287 1269  985      23
2018080203 2 291 1269  985      23
2018080206 2 294 1267  985      23
2018080209 2 297 1261  985      23
2018080212 2 301 1251  985      23
2018080215 2 304 1239  985      23
2018080218 2 307 1226  985      23
2018080221 2 307 1219  985      23
2018080300 2 306 1215  985      23
2018080303 2 307 1213  985      23
2018080306 2 309 1211  990      20
2018080309 1 314 1209  994      15
2018080312 1 319 1205  995      15
2018080315 1 326 1199  998      13
2018080318 1 332 1192  998      13
2018080321 1 335 1186  998      13
2018080400 1 337 1180  998      13
2018080403 0 339 1175 1000      10
2018080406 0 340 1171 1000      10
2018080409 0 341 1166 1000      10
2018080412 0 341 1161 1000      10
2018080415 0 341 1155 1002      10
2018080418 0 343 1148 1002      10
2018080421 0 344 1141 1002      10
66666 0000   12 0015 0000 0 6 (nameless)                         20190319
2018073006 1 283 1530 1002      13
2018073012 1 288 1522 1002      13
2018073018 1 295 1519 1000      15
2018073100 1 305 1515 1000      15
2018073106 1 316 1512 1000      15
2018073112 1 327 1505 1000      15
2018073118 1 338 1500 1000      15
2018080100 1 348 1495 1000      15
2018080106 1 353 1494 1002      13
2018080112 1 362 1502 1002      13
2018080118 1 365 1515 1002      13
2018080200 1 369 1527 1002      13
66666 1813   36 0016 1813 0 6 SHANSHAN                           20190319
2018080200 1 185 1527 1002      13
2018080206 1 181 1523 1002      13
2018080212 1 178 1518 1002      13
2018080218 1 177 1513 1000      15
2018080300 2 178 1509  998      18
2018080306 2 180 1505  995      20
2018080312 3 184 1500  985      25
2018080318 3 192 1496  982      28
2018080400 3 201 1493  980      30
2018080406 4 209 1487  975      33
2018080412 4 217 1483  975      33
2018080418 4 225 1477  970      35
2018080500 4 229 1474  965      38
2018080506 4 239 1475  965      38
2018080512 4 247 1473  965      38
2018080518 4 256 1467  965      38
2018080600 4 265 1462  965      38
2018080606 4 275 1460  965      38
2018080612 4 286 1457  965      38
2018080618 4 297 1450  965      38
2018080700 4 304 1443  965      38
2018080706 4 313 1439  960      40
2018080712 4 320 1432  960      40
2018080718 4 325 1423  960      40
2018080800 4 333 1419  960      40
2018080806 4 338 1412  965      38
2018080812 4 345 1412  970      35
2018080818 4 353 1411  970      35
2018080900 4 362 1410  975      33
2018080906 3 372 1416  980      30
2018080912 3 378 1426  985      25
2018080918 2 391 1442  990      23
2018081000 2 400 1470  992      20
2018081006 9 410 1507  995      18
2018081012 9 413 1546  995      18
2018081018 9 414 1582  998      15
66666 1814   53 0017 1814 0 3 YAGI                               20190319
2018080700 1 190 1333 1002      13
2018080706 1 190 1327 1000      15
2018080712 1 190 1325 1000      15
2018080718 1 191 1325 1000      15
2018080800 1 192 1326 1000      15
2018080806 2 195 1334  998      18
2018080812 2 199 1339  998      18
2018080818 2 205 1341  998      18
2018080900 2 210 1338  998      18
2018080906 2 210 1336  998      18
2018080912 2 210 1333  998      18
2018080918 2 220 1331  998      18
2018081000 2 228 1322  998      18
2018081006 2 228 1320  998      18
2018081012 2 232 1319  998      18
2018081018 2 242 1309  998      18
2018081100 2 250 1296  998      18
2018081106 2 251 1280  992      18
2018081112 2 251 1267  990      20
2018081118 2 253 1256  990      20
2018081121 2 255 1251  990      20
2018081200 2 257 1247  988      23
2018081203 2 260 1243  988      23
2018081206 2 265 1238  988      23
2018081209 3 272 1229  985      25
2018081212 3 277 1223  985      25
2018081215 3 282 1215  980      28
2018081218 2 289 1207  990      20
2018081221 2 298 1200  990      20
2018081300 2 307 1193  992      18
2018081303 2 314 1185  992      18
2018081306 2 319 1178  992      18
2018081309 2 323 1173  992      18
2018081312 2 329 1167  994      18
2018081315 1 335 1162  996      15
2018081318 1 342 1161  996      15
2018081321 1 350 1161  996      15
2018081400 1 358 1164  998      13
2018081403 1 363 1165  998      13
2018081406 1 371 1168  998      13
2018081409 1 373 1170  998      13
2018081412 1 376 1173  998      13
2018081415 1 377 1177 1000      13
2018081418 1 378 1179 1000      15
2018081421 1 379 1187 1000      15
2018081500 2 382 1193  998      18
2018081503 2 383 1198  996      20
2018081506 2 378 1197  992      23
2018081509 2 373 1197  996      20
2018081512 2 371 1192  998      18
2018081515 1 367 1187 1000      15
2018081518 1 365 1181 1002      13
2018081521 0 359 1171 1004      10
66666 1815   21 0018 1815 0 6 LEEPI                              20190319
2018081012 1 174 1448 1006      13
2018081018 1 179 1444 1004      15
2018081100 1 185 1441 1004      15
2018081106 1 192 1438 1004      15
2018081112 2 200 1435 1000      18
2018081118 2 208 1432  995      20
2018081200 2 217 1427  990      23
2018081206 2 227 1420  990      23
2018081212 3 235 1415  982      28
2018081218 3 245 1407  982      28
2018081300 3 253 1398  982      28
2018081306 3 263 1387  985      25
2018081312 3 272 1378  985      25
2018081318 3 283 1370  985      25
2018081400 3 295 1360  985      25
2018081406 2 304 1348  990      23
2018081412 2 312 1334  990      23
2018081418 2 322 1314 1000      20
2018081500 1 337 1300 1005      15
2018081506 1 347 1293 1005      15
2018081512 1 358 1292 1005      15
66666 1816   63 0019 1816 0 3 BEBINCA                            20190319
2018080900 1 169 1117  998      13
2018080903 1 172 1116  998      13
2018080906 1 175 1115  998      13
2018080909 1 177 1114  998      13
2018080912 1 179 1114  998      13
2018080915 1 181 1114  998      13
2018080918 1 184 1112  998      15
2018080921 1 188 1109  998      15
2018081000 1 193 1106  998      15
2018081003 1 198 1104  998      15
2018081006 1 199 1109  998      15
2018081009 1 201 1113  998      15
2018081012 1 204 1115  998      15
2018081015 1 207 1116  998      15
2018081018 1 209 1118  998      15
2018081021 1 211 1121  998      15
2018081100 1 214 1123  998      15
2018081103 1 218 1124  998      15
2018081106 1 219 1120  998      15
2018081109 1 218 1116  998      15
2018081112 1 217 1113  998      15
2018081115 1 215 1112  998      15
2018081118 1 213 1113  998      15
2018081121 1 212 1115  998      15
2018081200 1 211 1117  998      15
2018081203 1 210 1119  998      15
2018081206 2 210 1121  995      18
2018081209 2 209 1122  995      18
2018081212 2 207 1123  995      18
2018081215 2 206 1124  995      18
2018081218 2 206 1126  995      18
2018081221 2 207 1128  995      18
2018081300 2 207 1129  995      18
2018081303 2 206 1130  990      20
2018081306 2 206 1132  990      20
2018081309 2 206 1133  988      23
2018081312 2 206 1133  988      23
2018081315 2 205 1134  988      23
2018081318 2 205 1135  988      23
2018081321 2 206 1136  988      23
2018081400 2 208 1137  988      23
2018081403 2 209 1137  988      23
2018081406 2 210 1137  988      23
2018081409 3 211 1136  985      25
2018081412 3 212 1134  985      25
2018081415 3 212 1131  985      25
2018081418 3 211 1128  985      25
2018081421 3 210 1124  985      25
2018081500 3 209 1120  985      25
2018081503 3 209 1117  985      25
2018081506 3 210 1114  985      25
2018081509 3 209 1111  985      25
2018081512 2 208 1107  985      23
2018081515 2 207 1102  990      20
2018081518 2 206 1096  990      20
2018081600 3 203 1087  985      25
2018081606 3 200 1080  982      28
2018081612 3 199 1073  982      28
2018081618 3 197 1064  985      25
2018081700 2 194 1055  990      23
2018081706 1 198 1037  994      15
2018081712 1 200 1021  996      13
2018081718 1 196 1001  996      13
66666 1817   64 0020 1817 0 6 HECTOR                             20190319
2018073118 1 125 2439 1004      13
2018080100 1 128 2424 1002      15
2018080106 2 133 2411  998      18
2018080112 2 136 2403  992      20
2018080118 2 138 2393  990      23
2018080200 3 139 2383  985      25
2018080206 3 141 2373  982      28
2018080212 4 142 2360  975      33
2018080218 4 141 2348  960      40
2018080300 5 141 2337  955      42
2018080306 5 140 2327  955      42
2018080312 5 141 2317  955      42
2018080318 5 141 2307  955      42
2018080400 5 142 2297  950      45
2018080406 5 142 2288  945      48
2018080412 5 142 2278  945      48
2018080418 5 142 2268  940      50
2018080500 5 143 2258  940      50
2018080506 6 143 2248  935      52
2018080512 6 143 2237  935      52
2018080518 6 143 2226  935      52
2018080600 6 145 2214  935      52
2018080606 6 148 2201  935      52
2018080612 6 149 2187  925      58
2018080618 6 151 2176  925      58
2018080700 6 155 2160  925      58
2018080706 6 157 2144  925      58
2018080712 6 160 2129  935      52
2018080718 6 163 2115  935      52
2018080800 6 165 2100  935      52
2018080806 6 165 2084  935      52
2018080812 5 164 2068  940      50
2018080818 5 165 2054  950      45
2018080900 5 166 2039  950      45
2018080906 5 166 2023  950      45
2018080912 5 166 2007  945      48
2018080918 5 168 1992  945      48
2018081000 5 170 1976  940      50
2018081006 6 172 1963  935      52
2018081012 6 175 1948  935      52
2018081018 6 178 1934  935      52
2018081100 6 181 1922  935      52
2018081106 5 185 1913  945      48
2018081112 5 190 1903  945      48
2018081118 5 197 1896  950      45
2018081200 5 208 1887  950      45
2018081206 4 217 1877  965      38
2018081212 4 226 1864  970      35
2018081218 4 235 1850  975      33
2018081300 3 242 1837  980      30
2018081306 3 247 1821  982      28
2018081312 2 252 1805  990      23
2018081318 2 258 1790  995      20
2018081400 2 263 1771  995      20
2018081406 2 265 1759  995      20
2018081412 2 270 1745  998      18
2018081418 2 277 1725  998      18
2018081500 1 285 1707 1000      15
2018081506 1 292 1688 1000      15
2018081512 1 298 1679 1002      13
2018081518 1 305 1671 1002      13
2018081600 1 314 1664 1002      13
2018081606 1 322 1658 1002      13
2018081612 1 330 1654 1002      13
66666 1818   44 0021 1818 0 3 RUMBIA                             20190319
2018081406 1 234 1284 1000      13
2018081412 1 244 1278 1000      13
2018081418 1 255 1275  998      15
2018081500 1 270 1275  998      15
2018081506 2 281 1269  996      18
2018081512 2 292 1258  996      18
2018081518 2 297 1250  990      20
2018081521 2 298 1248  990      20
2018081600 2 299 1246  990      20
2018081603 2 300 1244  985      23
2018081606 2 302 1240  985      23
2018081609 2 303 1235  985      23
2018081612 2 304 1230  985      23
2018081615 3 304 1225  982      25
2018081618 3 306 1220  982      25
2018081621 2 311 1214  982      23
2018081700 2 311 1206  982      23
2018081703 2 313 1197  984      23
2018081706 2 315 1187  984      23
2018081709 2 314 1178  985      20
2018081712 2 314 1172  988      20
2018081715 2 316 1166  988      18
2018081718 2 319 1160  988      18
2018081721 2 322 1156  988      18
2018081800 2 324 1152  988      18
2018081803 2 325 1149  988      18
2018081806 1 326 1147  992      15
2018081809 1 327 1146  992      15
2018081812 1 328 1145  992      15
2018081815 1 329 1144  994      13
2018081818 1 330 1144  996      13
2018081821 1 331 1145  996      13
2018081900 1 333 1147  996      13
2018081903 1 335 1150  996      13
2018081906 1 338 1153  998      13
2018081909 1 347 1159  998      13
2018081912 1 359 1167  998      13
2018081915 1 368 1174  998      13
2018081918 1 374 1180  998      13
2018081921 1 377 1187  995      15
2018082000 9 379 1196  992      18
2018082006 9 381 1215  990      20
2018082012 9 390 1238  992      18
2018082018 9 408 1266  998      13
66666 1819   48 0022 1819 0 6 SOULIK                             20190319
2018081506 1 117 1448 1002      13
2018081512 1 128 1442 1002      13
2018081518 1 139 1436 1000      15
2018081600 2 151 1430  998      18
2018081606 2 171 1422  995      20
2018081612 2 186 1418  990      23
2018081618 2 202 1414  990      23
2018081700 3 215 1409  985      25
2018081706 3 229 1404  982      28
2018081712 4 238 1401  975      33
2018081718 4 242 1400  970      35
2018081800 4 245 1400  960      40
2018081806 5 247 1400  950      45
2018081812 5 249 1399  950      45
2018081818 5 250 1396  950      45
2018081900 5 251 1391  955      42
2018081906 4 251 1386  960      40
2018081912 4 253 1380  965      38
2018081918 4 256 1373  965      38
2018082000 5 258 1365  955      42
2018082006 5 261 1356  950      45
2018082012 5 264 1344  950      45
2018082018 5 270 1334  950      45
2018082100 5 276 1323  950      45
2018082106 5 284 1311  950      45
2018082112 5 291 1298  950      45
2018082118 5 298 1287  955      42
2018082200 5 304 1275  955      42
2018082206 5 312 1267  955      42
2018082212 4 320 1261  960      40
2018082218 4 327 1255  965      35
2018082300 4 332 1255  965      35
2018082306 4 339 1257  970      33
2018082312 3 345 1262  975      30
2018082318 3 357 1276  985      25
2018082400 2 372 1289  988      23
2018082406 2 383 1301  995      20
2018082412 2 400 1320  995      20
2018082418 9 413 1337  998      18
2018082500 9 421 1352 1000      15
2018082506 9 429 1366 1000      15
2018082512 9 436 1386 1000      15
2018082518 9 442 1406 1002      13
2018082600 9 445 1424 1002      13
2018082606 9 439 1444 1002      13
2018082612 9 433 1476 1002      13
2018082618 9 429 1513 1002      13
2018082700 9 426 1546 1002      13
66666 1820   31 0023 1820 0 6 CIMARON                            20190319
2018081706 1 124 1581 1002      13
2018081712 1 125 1567 1002      13
2018081718 1 129 1555 1002      13
2018081800 1 134 1546 1000      15
2018081806 1 138 1541 1000      15
2018081812 2 143 1536  998      18
2018081818 2 147 1530  998      18
2018081900 2 151 1521  998      18
2018081906 2 156 1513  995      20
2018081912 2 160 1506  990      23
2018081918 3 165 1499  985      25
2018082000 3 170 1489  982      28
2018082006 3 176 1480  982      28
2018082012 3 183 1473  980      30
2018082018 3 192 1464  980      30
2018082100 4 200 1451  975      33
2018082106 4 212 1442  965      38
2018082112 4 219 1428  960      40
2018082118 5 230 1414  950      45
2018082200 5 242 1399  945      48
2018082206 5 254 1389  945      48
2018082212 5 268 1374  945      48
2018082218 5 283 1359  950      45
2018082300 5 299 1350  955      42
2018082306 4 317 1343  960      40
2018082312 4 338 1346  970      38
2018082318 3 365 1349  985      30
2018082400 3 388 1360  990      25
2018082406 2 406 1377  995      20
2018082412 9 416 1401 1000      15
2018082418 9 424 1451 1006      13
66666 0000   27 0024 0000 0 3 (nameless)                         20190319
2018082200 1 222 1186  996      13
2018082203 1 222 1188  996      13
2018082206 1 222 1190  996      13
2018082209 1 222 1192  996      13
2018082212 1 222 1194  996      13
2018082215 1 222 1197  996      13
2018082218 1 223 1200  996      13
2018082221 1 224 1202  992      15
2018082300 1 228 1204  994      15
2018082303 1 232 1203  994      15
2018082306 1 234 1203  994      15
2018082309 1 236 1203  994      15
2018082312 1 238 1203  994      15
2018082315 1 239 1203  994      15
2018082318 1 240 1203  994      15
2018082321 1 241 1203  994      15
2018082400 1 242 1203  994      15
2018082403 1 243 1204  994      15
2018082406 1 245 1205  994      15
2018082409 1 248 1205  994      15
2018082412 1 249 1203  994      15
2018082415 1 250 1201  994      15
2018082418 1 250 1199  994      15
2018082421 1 250 1197  994      15
2018082500 1 251 1195  994      15
2018082503 1 253 1191  996      13
2018082506 1 252 1186  996      13
66666 1821   46 0025 1821 0 6 JEBI                               20190319
2018082700 1 120 1596 1004      13
2018082706 1 130 1592 1002      15
2018082712 1 138 1588 1002      15
2018082718 1 146 1580 1002      15
2018082800 2 154 1570 1000      18
2018082806 2 160 1563  998      20
2018082812 2 166 1553  995      23
2018082818 3 168 1544  990      25
2018082900 3 171 1534  980      30
2018082906 4 173 1522  975      33
2018082912 4 173 1514  970      38
2018082918 4 173 1505  965      40
2018083000 5 176 1492  955      42
2018083006 5 177 1481  945      48
2018083012 6 178 1469  935      52
2018083018 6 178 1454  925      58
2018083100 6 179 1442  910      62
2018083106 6 183 1428  905      65
2018083112 6 185 1415  905      65
2018083118 6 191 1403  905      65
2018090100 6 196 1392  910      62
2018090106 6 203 1383  910      62
2018090112 6 210 1374  930      55
2018090118 6 217 1365  935      52
2018090200 5 226 1359  938      50
2018090206 5 236 1351  940      48
2018090212 5 244 1344  940      48
2018090218 5 255 1337  940      48
2018090300 5 265 1331  945      45
2018090306 5 274 1325  945      45
2018090312 5 286 1325  945      45
2018090318 5 302 1329  950      42
2018090400 5 323 1338  950      42
2018090406 4 355 1354  965      38
2018090412 4 396 1376  970      33
2018090418 3 430 1390  975      25
2018090500 9 460 1388  976      23
2018090506 9 490 1369  976      23
2018090512 9 514 1363  980      18
2018090518 9 528 1362  980      18
2018090600 9 541 1365  982      18
2018090606 9 550 1369  984      18
2018090612 9 558 1375  986      18
2018090618 9 568 1376  988      18
2018090700 9 593 1373  992      15
2018090706 9 621 1369  995      13
66666 1822   52 0026 1822 0 3 MANGKHUT                           20190319
2018090700 1 121 1678 1002      13
2018090706 1 124 1666 1000      15
2018090712 2 129 1653  998      18
2018090718 2 130 1638  998      18
2018090800 2 136 1624  998      18
2018090806 2 144 1609  995      20
2018090812 2 146 1592  990      23
2018090818 3 148 1571  982      28
2018090900 4 149 1552  975      33
2018090906 4 153 1531  975      33
2018090912 4 152 1512  970      35
2018090918 4 146 1492  965      38
2018091000 4 146 1476  965      38
2018091006 5 144 1458  960      42
2018091012 5 141 1443  950      45
2018091018 5 140 1426  945      48
2018091100 6 140 1412  935      52
2018091106 6 140 1399  925      58
2018091112 6 137 1387  910      65
2018091118 6 140 1374  910      65
2018091200 6 139 1363  910      65
2018091206 6 140 1352  910      65
2018091212 6 143 1340  910      65
2018091218 6 144 1325  910      65
2018091300 6 145 1314  910      65
2018091306 6 147 1301  910      65
2018091312 6 150 1290  910      65
2018091318 6 152 1279  910      65
2018091400 6 159 1269  910      65
2018091406 6 167 1255  910      65
2018091412 6 174 1242  910      65
2018091418 6 180 1224  910      65
2018091500 6 181 1207  935      52
2018091506 5 185 1197  945      48
2018091509 5 189 1190  945      48
2018091512 5 192 1183  945      48
2018091515 5 195 1176  945      48
2018091518 5 198 1169  945      48
2018091521 5 203 1161  945      48
2018091600 5 206 1154  945      48
2018091603 5 210 1145  945      48
2018091606 5 215 1135  950      48
2018091609 5 219 1125  960      42
2018091612 4 220 1115  965      38
2018091615 4 222 1106  975      33
2018091618 4 223 1099  975      33
2018091621 3 225 1092  980      30
2018091700 2 228 1087  992      20
2018091703 2 231 1081  995      18
2018091706 1 236 1075  998      15
2018091709 1 240 1068 1002      13
2018091712 1 240 1059 1002      13
66666 1823   30 0027 1823 0 3 BARIJAT                            20190319
2018090806 1 204 1215 1002      13
2018090812 1 206 1222 1002      13
2018090818 1 210 1226 1002      13
2018090900 1 213 1229 1002      13
2018090906 1 216 1229 1002      13
2018090912 1 217 1226 1002      13
2018090918 1 217 1223 1002      13
2018091000 1 216 1219 1002      13
2018091006 1 214 1215 1002      13
2018091012 1 212 1206 1002      15
2018091018 1 210 1195 1002      15
2018091100 2 208 1187 1000      18
2018091106 2 207 1181  995      20
2018091112 2 205 1174  995      20
2018091118 2 205 1164  995      20
2018091200 2 207 1154  995      20
2018091203 2 208 1149  992      23
2018091206 2 209 1145  992      23
2018091209 2 210 1140  992      23
2018091212 2 209 1134  992      23
2018091215 2 208 1128  992      23
2018091218 2 208 1121  992      23
2018091221 3 209 1114  990      25
2018091300 3 212 1108  990      25
2018091303 2 214 1101  998      20
2018091306 1 216 1095 1002      15
2018091309 1 217 1089 1004      13
2018091312 1 216 1084 1004      13
2018091315 0 217 1078 1006      10
2018091318 0 217 1072 1006      10
66666 1824   53 0028 1824 1 6 TRAMI                              20190319
2018092012 1 128 1460 1002      13
2018092018 1 139 1451 1000      13
2018092100 1 145 1444 1000      15
2018092106 2 150 1435  998      18
2018092112 2 154 1426  998      18
2018092118 2 155 1416  995      20
2018092200 3 160 1402  988      25
2018092206 3 166 1389  988      25
2018092212 3 168 1376  985      28
2018092218 4 169 1359  975      33
2018092300 4 171 1351  965      38
2018092306 5 173 1342  955      42
2018092312 5 175 1333  950      45
2018092318 5 181 1322  945      50
2018092400 6 184 1313  935      52
2018092406 6 189 1304  925      58
2018092412 6 193 1297  925      58
2018092418 6 196 1291  920      60
2018092500 6 196 1287  920      60
2018092506 6 198 1288  920      60
2018092512 6 200 1289  930      55
2018092518 6 203 1289  935      52
2018092600 5 207 1290  945      48
2018092606 5 210 1292  945      48
2018092612 5 213 1292  945      48
2018092618 5 214 1292  945      48
2018092700 5 216 1291  950      45
2018092706 5 217 1290  950      45
2018092712 5 219 1288  950      45
2018092718 5 222 1285  950      45
2018092800 5 225 1279  950      45
2018092806 5 231 1273  950      45
2018092812 5 238 1270  950      45
2018092818 5 245 1268  950      45
2018092900 5 254 1268  950      45
2018092906 5 263 1273  950      45
2018092912 5 278 1285  950      45
2018092918 5 291 1295  950      45
2018093000 5 304 1310  950      45
2018093006 5 324 1332  955      42
2018093012 5 343 1360  955      42
2018093018 4 373 1400  970      38
2018100100 9 415 1442  975      33
2018100106 9 445 1507  980      28
2018100112 9 479 1579  980      28
2018100118 9 506 1630  980      28
2018100200 9 526 1666  975      28
2018100206 9 538 1700  975      28
2018100212 9 554 1728  975      28
2018100218 9 564 1742  975      28
2018100300 9 570 1748  970      28
2018100306 9 568 1760  970      28
2018100312 9 556 1799  965      28
66666 1825   39 0029 1825 0 6 KONG-REY                           20190319
2018092800 1  75 1509 1002      13
2018092806 1  85 1495 1002      13
2018092812 1  97 1480 1000      15
2018092818 1 110 1465 1000      15
2018092900 1 122 1446 1000      15
2018092906 2 126 1426  998      18
2018092912 2 128 1411  995      20
2018092918 3 131 1395  985      25
2018093000 3 136 1387  980      30
2018093006 4 144 1380  975      33
2018093012 4 150 1373  965      38
2018093018 5 154 1364  955      42
2018100100 5 156 1358  945      48
2018100106 6 161 1352  940      52
2018100112 6 168 1344  915      62
2018100118 6 172 1336  915      62
2018100200 6 176 1327  915      62
2018100206 6 182 1320  915      62
2018100212 6 188 1313  915      62
2018100218 6 195 1304  925      58
2018100300 6 201 1297  940      52
2018100306 5 208 1292  945      48
2018100312 5 216 1288  955      42
2018100318 4 225 1281  960      40
2018100400 4 232 1277  965      38
2018100406 4 244 1271  975      33
2018100412 4 254 1267  975      33
2018100418 4 267 1260  975      33
2018100500 3 279 1258  980      30
2018100506 3 295 1258  980      30
2018100512 4 314 1261  975      33
2018100518 4 329 1266  975      33
2018100600 3 347 1281  978      30
2018100606 3 370 1304  982      28
2018100612 3 387 1332  985      25
2018100618 2 404 1365  988      23
2018100700 9 422 1410  992      20
2018100706 9 427 1469  998      18
2018100712 9 416 1516 1000      15
66666 1826   54 0030 1826 0 6 YUTU                               20190319
2018102100 1  81 1594 1008      13
2018102106 1  84 1586 1004      13
2018102112 1  86 1578 1006      15
2018102118 1  88 1569 1004      15
2018102200 2  91 1561  998      18
2018102206 2 100 1550  995      20
2018102212 3 109 1539  985      25
2018102218 3 114 1529  982      28
2018102300 4 118 1517  975      33
2018102306 4 119 1506  965      38
2018102312 5 122 1496  960      42
2018102318 5 127 1489  940      50
2018102400 6 133 1480  920      60
2018102406 6 140 1471  900      70
2018102412 6 147 1463  895      70
2018102418 6 153 1453  905      70
2018102500 6 158 1442  910      65
2018102506 6 160 1432  910      62
2018102512 6 163 1423  915      58
2018102518 6 166 1414  920      58
2018102600 6 169 1404  925      58
2018102606 6 170 1391  925      58
2018102612 6 172 1377  925      58
2018102618 6 176 1363  925      62
2018102700 6 178 1348  915      62
2018102706 6 180 1334  915      62
2018102712 6 180 1321  915      62
2018102718 6 180 1311  920      62
2018102800 6 180 1301  925      58
2018102806 6 180 1291  930      52
2018102812 5 178 1281  935      50
2018102818 5 175 1271  940      45
2018102900 5 171 1262  945      42
2018102906 5 169 1253  945      48
2018102912 5 168 1242  945      48
2018102918 5 168 1230  945      48
2018103000 5 168 1215  950      42
2018103006 4 167 1201  970      35
2018103012 3 168 1191  982      30
2018103018 3 170 1186  982      28
2018103100 3 175 1182  982      28
2018103106 3 180 1177  982      28
2018103112 3 184 1173  980      28
2018103118 3 189 1169  980      28
2018110100 3 195 1166  980      28
2018110106 3 200 1165  985      25
2018110112 3 203 1164  985      25
2018110118 2 206 1163  990      23
2018110200 2 207 1162  990      23
2018110206 2 207 1160  995      20
2018110212 2 205 1158 1000      18
2018110218 1 202 1156 1004      15
2018110300 1 199 1155 1008      13
2018110306 1 197 1153 1008      13
66666 1827   7 0031  1827 0 6 TORAJI                              20190319
2018111700 1 101 1117 1006      13
2018111706 1 104 1112 1004      15
2018111712 2 108 1107 1002      18
2018111718 2 112 1102 1002      18
2018111800 2 116 1096 1002      18
2018111806 2 116 1090 1002      18
2018111812 1 116 1082 1010      13
66666 1828   36 0032 1828 0 6 MAN-YI                             20190319
2018112000 1  47 1553 1002      13
2018112006 1  46 1544 1000      15
2018112012 2  51 1535  998      18
2018112018 2  59 1527  998      18
2018112100 2  67 1510  995      20
2018112106 2  74 1492  995      20
2018112112 3  86 1468  985      25
2018112118 3  95 1440  982      28
2018112200 3 105 1417  980      30
2018112206 4 117 1397  975      33
2018112212 4 126 1382  970      35
2018112218 4 133 1369  970      35
2018112300 4 144 1362  965      38
2018112306 4 154 1358  965      38
2018112312 4 165 1355  965      38
2018112318 4 173 1354  965      38
2018112400 4 180 1355  960      40
2018112406 4 183 1359  960      40
2018112412 5 187 1362  955      42
2018112418 5 186 1364  955      42
2018112500 5 184 1360  955      42
2018112506 4 183 1357  965      38
2018112512 4 184 1352  970      35
2018112518 3 189 1340  980      30
2018112600 2 196 1330  990      23
2018112606 2 202 1324  995      20
2018112612 2 210 1321  998      18
2018112618 1 218 1320 1000      15
2018112700 1 226 1323 1000      15
2018112706 1 234 1327 1000      15
2018112712 1 235 1332 1004      13
2018112718 1 243 1345 1004      13
2018112800 1 258 1358 1004      13
2018112806 9 279 1378 1004      13
2018112812 9 297 1413 1004      13
2018112818 9 322 1444 1004      13
66666 1829   36 0033 1829 0 6 USAGI                              20190319
2018111718 1  70 1368 1004      13
2018111800 1  67 1356 1004      13
2018111806 1  65 1346 1004      13
2018111812 1  67 1337 1004      13
2018111818 1  72 1330 1004      13
2018111900 1  79 1323 1004      13
2018111906 1  87 1312 1004      13
2018111912 1  93 1301 1004      13
2018111918 1  97 1293 1002      15
2018112000 1 100 1286 1002      15
2018112006 1 103 1277 1002      15
2018112012 1 108 1267 1002      15
2018112018 1 114 1250 1004      13
2018112100 1 106 1234 1004      13
2018112106 1 103 1218 1004      13
2018112112 1 102 1205 1004      13
2018112118 1 104 1189 1002      15
2018112200 2 107 1173 1000      18
2018112206 2 113 1158 1000      18
2018112212 2 112 1145 1000      18
2018112218 2 108 1135  995      20
2018112300 2 106 1126  992      23
2018112306 3 106 1116  990      25
2018112312 3 105 1107  990      25
2018112318 3 102 1101  988      28
2018112400 4  99 1095  980      33
2018112406 4  98 1087  980      33
2018112412 4  98 1082  980      33
2018112418 4  99 1077  980      33
2018112500 3 100 1073  985      30
2018112506 3 103 1070  990      25
2018112512 2 107 1068 1000      18
2018112518 1 110 1065 1002      15
2018112600 1 113 1060 1008      13
2018112606 1 114 1055 1008      13
2018112612 1 116 1050 1008      13
66666 0000   13 0034 0000 0 6 (nameless)                         20190319
2018122700 1 101 1308 1004      13
2018122706 1 103 1300 1004      13
2018122712 1 104 1295 1004      13
2018122718 1 104 1291 1004      13
2018122800 1 105 1287 1000      15
2018122806 1 107 1284 1000      15
2018122812 1 111 1270 1000      15
2018122818 1 116 1257 1000      15
2018122900 1 115 1244 1000      15
2018122906 1 115 1232 1000      15
2018122912 1 108 1221 1004      13
2018122918 1 100 1210 1004      13
2018123000 1  88 1199 1004      13