22
28
35
49
58
63
65
82
94
97
103
117
119
121
129
141
156
157
159
163
169
178
197
201
203
204
218
237
240
246
248
252
254
255
269
286
287
288
290
292
296
309
317
327
339
343
351
364
409
410
412
416
425
438
443
453
454
458
459
466
468
481
505
517
536
557
566
581
583
597
606
613
618
661
663
678
699
702
740
742
743
746
750
752
761
772
775
778
781
787
792
795
801
807
812
833
847
849
855
880
882
883
889
893
899
904
909
920
926
936
942
952
959
960
962
977
988
992
996
1015
1031
1037
1040
1072
1082
1085
1090
1098
1112
1115
1123
1124
1129
1141
1147
1165
1184
1197
1198
1214
1232
1237
1241
1244
1256
1264
1291
1314
1324
1335
1336
1338
1339
1340
1350
1352
1354
1360
1366
1370
1375
1386
1388
1399
1416
1424
1425
1426
1427
1440
1448
1457
1460
1468
1470
1472
1492
1509
1514
1534
1548
1555
1572
1590
1592
1604
1607
1617
1620
1626
1636
1638
1647
1654
1663
1667
1669
1672
1676
1677
1678
1682
1710
1723
1724
1726
1734
1737
1739
1771
1781
1786
1798
1803
1804
1805
1806
1811
1814
1817
1837
1843
1847
1860
1861
1863
1878
1901
1924
1926
1943
1948
1953
1969
1981
1983
2004
2007
2022
2029
2049
2076
2077
2081
2083
2084
2093
2108
2111
2114
2117
2118
2129
2131
2132
2148
2164
2170
2172
2173
2175
2177
2178
2188
2195
2204
2210
2226
2230
2241
2244
2250
2260
2285
2286
2293
2302
2303
2304
2314
2316
2318
2332
2338
2340
2341
2343
2351
2371
2377
2394
2404
2406
2410
2411
2412
2414
2421
2433
2439
2453
2460
2464
2466
2473
2496
2499
2503
2504
2510
2511
2518
2520
2521
2527
2533
2562
2564
2566
2582
2584
2591
2599
2606
2608
2616
2639
2642
2643
2653
2656
2668
2677
2684
2695
2705
2719
2721
2722
2723
2730
2735
2750
2770
2775
2796
2809
2828
2835
2836
2837
2840
2848
2849
2851
2852
2855
2858
2875
2877
2880
2883
2889
2908
2914
2919
2920
2926
2932
2933
2935
2938
2944
2961
2978
2979
2981
2991
2992
3003
3009
3021
3028
3040
3052
3053
3056
3058
3074
3079
3087
3113
3114
3119
3124
3128
3132
3138
3146
3149
3150
3162
3167
3180
3183
3194
3201
3202
3204
3238
3242
3243
3253
3262
3276
3281
3285
3290
3302
3309
3316
3318
3334
3347
3351
3353
3356
3361
3367
3371
3372
3384
3415
3416
3441
3446
3453
3454
3464
3475
3479
3480
3483
3500
3505
3517
3534
3542
3544
3550
3557
3563
3567
3578
3589
3592
3603
3612
3634
3644
3645
3646
3654
3656
3669
3691
3694
3703
3707
3715
3718
3722
3723
3741
3747
3757
3759
3760
3763
3764
3771
3778
3790
3831
3840
3853
3854
3863
3865
3869
3874
3896
3903
3905
3910
3929
3940
3941
3965
3976
3978
3982
3991
3992
4008
4014
4027
4028
4032
4042
4046
4061
4068
4075
4093
4101
4103
4113
4115
4117
4118
4121
4133
4137
4139
4143
4154
4155
4157
4167
4173
4182
4183
4184
4185
4191
4194
4197
4205
4209
4217
4222
4232
4242
4244
4246
4250
4255
4257
4271
4274
4293
4305
4311
4312
4313
4314
4318
4320
4334
4349
4353
4355
4360
4366
4376
4382
4383
4385
4395
4402
4416
4421
4426
4430
4434
4447
4452
4464
4477
4478
4482
4484
4497
4498
4504
4507
4508
4512
4516
4519
4521
4523
4546
4548
4551
4556
4564
4586
4592
4594
4600
4604
4605
4611
4612
4624
4630
4632
4640
4660
4677
4680
4682
4684
4685
4690
4693
4698
4700
4706
4707
4708
4716
4727
4730
4732
4733
4736
4737
4741
4742
4748
4756
4758
4773
4780
4784
4786
4787
4789
4810
4816
4838
4850
4856
4886
4912
4923
4925
4930
4931
4957
4976
4984
4985
4995
5012
5018
5028
5033
5035
5061
5070
5076
5080
5083
5084
5091
5094
5100
5104
5113
5117
5125
5134
5147
5152
5178
5185
5193
5194
5198
5214
5218
5224
5230
5232
5237
5241
5260
5270
5272
5278
5283
5285
5286
5292
5295
5303
5322
5330
5333
5334
5338
5341
5359
5367
5372
5382
5388
5418
5425
5429
5433
5448
5452
5457
5466
5472
5481
5492
5508
5522
5524
5538
5543
5561
5563
5568
5580
5589
5610
5618
5622
5629
5635
5637
5640
5657
5665
5673
5674
5677
5678
5685
5697
5702
5714
5717
5728
5732
5735
5740
5746
5747
5752
5755
5769
5771
5776
5780
5800
5806
5810
5839
5851
5866
5868
5871
5873
5874
5886
5888
5897
5906
5911
5929
5933
5961
5962
5973
5978
5980
5982
5989
5997
6012
6023
6027
6031
6033
6038
6047
6048
6055
6064
6065
6069
6075
6076
6089
6094
6105
6108
6122
6134
6135
6136
6161
6166
6169
6173
6187
6190
6193
6195
6197
6201
6213
6220
6228
6254
6266
6268
6270
6302
6313
6321
6335
6344
6349
6368
6373
6403
6405
6406
6408
6410
6429
6430
6443
6444
6450
6460
6461
6468
6480
6483
6486
6488
6493
6497
6501
6510
6518
6535
6537
6539
6544
6555
6561
6571
6574
6595
6599
6601
6612
6618
6620
6621
6629
6643
6648
6653
6658
6674
6677
6707
6716
6733
6735
6740
6752
6756
6762
6765
6768
6769
6775
6776
6784
6787
6790
6796
6811
6814
6820
6821
6827
6830
6841
6853
6869
6871
6879
6886
6889
6898
6899
6904
6905
6908
6917
6939
6943
6949
6967
6969
6973
6994
6999
7028
7031
7039
7047
7049
7053
7063
7064
7079
7098
7107
7116
7118
7129
7130
7142
7148
7155
7157
7175
7196
7206
7219
7220
7227
7238
7242
7248
7259
7264
7275
7276
7282
7285
7286
7287
7299
7301
7304
7318
7320
7321
7323
7345
7358
7360
7364
7367
7373
7374
7386
7390
7399
7405
7451
7455
7470
7473
7482
7484
7485
7495
7499
7507
7510
7528
7534
7541
7544
7555
7566
7568
7569
7580
7597
7599
7601
7623
7638
7641
7645
7649
7654
7656
7659
7660
7671
7678
7694
7718
7729
7752
7760
7773
7780
7796
7799
7812
7816
7827
7838
7851
7855
7859
7873
7876
7889
7890
7907
7914
7926
7927
7931
7933
7957
7967
7968
7984
7989
7993
7998
8004
8016
8020
8022
8027
8028
8029
8032
8039
8040
8041
8043
8045
8052
8067
8069
8074
8087
8110
8117
8120
8124
8126
8143
8151
8153
8167
8170
8172
8176
8178
8209
8210
8212
8225
8228
8231
8233
8242
8244
8254
8258
8264
8289
8293
8307
8309
8319
8330
8331
8334
8358
8363
8372
8381
8388
8398
8410
8430
8437
8458
8460
8467
8471
8472
8473
8482
8486
8489
8490
8494
8499
8502
8512
8516
8520
8529
8535
8546
8547
8548
8556
8570
8576
8577
8600
8601
8614
8628
8632
8637
8638
8664
8668
8669
8672
8674
8690
8693
8694
8702
8718
8721
8723
8727
8759
8778
8795
8808
8809
8810
8814
8817
8821
8829
8839
8846
8853
8865
8895
8900
8902
8909
8915
8918
8946
8962
8965
8968
8973
8979
8987
9020
9032
9048
9050
9055
9057
9075
9078
9079
9082
9091
9093
9105
9106
9108
9109
9112
9120
9122
9131
9133
9144
9145
9151
9179
9184
9185
9189
9207
9208
9231
9243
9245
9266
9269
9270
9275
9280
9290
9300
9303
9315
9336
9340
9343
9348
9362
9363
9366
9380
9384
9388
9391
9393
9394
9398
9402
9404
9407
9413
9423
9430
9431
9441
9445
9446
9461
9464
9493
9507
9530
9532
9535
9543
9563
9572
9578
9591
9596
9609
9630
9631
9634
9638
9652
9655
9661
9673
9677
9678
9727
9743
9752
9753
9758
9765
9781
9798
9805
9808
9813
9837
9838
9841
9845
9846
9877
9885
9906
9912
9924
9928
9931
9932
9934
9935
9950
9957
9976
9983
9997
10003
10007
10015
10019
10043
10076
10077
10081
10084
10102
10111
10121
10126
10153
10165
10181
10203
10204
10209
10213
10219
10228
10261
10275
10293
10298
10311
10315
10322
10329
10332
10336
10366
10372
10379
10412
10429
10440
10441
10444
10449
10456
10457
10477
10480
10484
10485
10490
10493
10522
10523
10529
10542
10552
10553
10555
10557
10561
10563
10569
10574
10579
10581
10590
10600
10601
10619
10632
10635
10641
10655
10664
10677
10680
10688
10696
10702
10719
10721
10726
10730
10736
10758
10771
10777
10780
10781
10789
10796
10797
10817
10818
10822
10850
10854
10870
10878
10881
10887
10891
10897
10902
10914
10926
10933
10934
10952
10955
10963
10972
10973
11013
11032
11050
11064
11069
11076
11085
11105
11107
11116
11120
11123
11125
11146
11148
11149
11151
11159
11191
11207
11208
11209
11226
11228
11234
11235
11240
11257
11270
11285
11286
11304
11306
11314
11323
11328
11330
11331
11333
11339
11390
11394
11400
11402
11404
11426
11433
11434
11441
11451
11453
11466
11474
11492
11500
11505
11519
11524
11529
11531
11539
11548
11551
11557
11558
11559
11577
11604
11607
11608
11624
11637
11641
11644
11647
11663
11664
11668
11673
11674
11679
11682
11686
11701
11715
11723
11748
11752
11773
11776
11780
11781
11806
11808
11809
11813
11819
11821
11832
11835
11837
11839
11841
11842
11849
11883
11885
11893
11900
11909
11919
11920
11922
11923
11969
11995
12012
12014
12018
12022
12033
12042
12048
12058
12063
12067
12079
12090
12093
12103
12112
12141
12143
12144
12159
12177
12183
12186
12187
12194
12198
12210
12212
12217
12229
12237
12239
12256
12258
12278
12280
12286
12329
12332
12349
12351
12355
12363
12364
12371
12404
12405
12428
12455
12458
12463
12505
12510
12511
12514
12515
12518
12519
12523
12524
12549
12553
12578
12582
12583
12584
12599
12601
12602
12614
12618
12619
12621
12632
12639
12652
12668
12682
12683
12684
12708
12712
12713
12719
12744
12747
12750
12776
12783
12784
12794
12797
12801
12807
12810
12811
12824
12826
12844
12850
12867
12883
12884
12885
12887
12893
12901
12902
12906
12914
12916
12919
12928
12929
12945
12964
12997
13006
13011
13033
13038
13040
13051
13060
13092
13119
13121
13132
13152
13156
13159
13164
13177
13181
13186
13187
13189
13194
13209
13223
13247
13262
13265
13270
13279
13282
13287
13298
13301
13315
13325
13342
13343
13354
13356
13361
13367
13376
13393
13395
13396
13397
13414
13420
13422
13427
13431
13441
13453
13455
13463
13477
13482
13484
13488
13490
13492
13504
13505
13517
13531
13552
13553
13556
13567
13571
13577
13588
13593
13594
13596
13612
13617
13625
13628
13639
13645
13652
13675
13676
13679
13682
13686
13697
13711
13713
13723
13731
13747
13756
13790
13794
13808
13828
13840
13849
13864
13873
13881
13885
13889
13895
13909
13910
13912
13924
13925
13930
13936
13937
13943
13954
13982
13989
14002
14005
14015
14054
14071
14078
14085
14089
14103
14105
14107
14108
14114
14118
14138
14140
14149
14150
14152
14153
14165
14171
14193
14194
14202
14207
14217
14231
14246
14249
14252
14257
14258
14270
14277
14285
14287
14293
14303
14305
14313
14314
14318
14319
14342
14355
14358
14367
14374
14376
14383
14393
14401
14406
14412
14427
14435
14442
14448
14451
14486
14500
14509
14512
14514
14531
14545
14546
14547
14570
14596
14599
14600
14633
14634
14643
14647
14651
14652
14655
14659
14660
14668
14672
14678
14681
14698
14709
14723
14728
14738
14750
14751
14754
14756
14762
14767
14779
14790
14802
14806
14836
14876
14877
14887
14909
14920
14931
14932
14943
14947
14948
14957
14960
14961
14966
14968
14985
15003
15015
15032
15047
15050
15054
15058
15061
15095
15096
15134
15155
15166
15168
15192
15196
15200
15217
15220
15227
15263
15264
15276
15286
15288
15293
15300
15321
15325
15337
15339
15340
15346
15348
15352
15357
15362
15382
15389
15392
15393
15394
15409
15421
15427
15433
15434
15438
15441
15443
15445
15457
15462
15469
15494
15504
15530
15533
15540
15542
15550
15556
15565
15569
15577
15606
15608
15613
15616
15632
15635
15636
15638
15647
15661
15662
15669
15672
15678
15691
15707
15713
15728
15741
15754
15772
15775
15777
15779
15781
15797
15803
15811
15814
15818
15825
15830
15831
15832
15849
15850
15857
15861
15871
15889
15895
15905
15909
15912
15916
15921
15924
15949
15954
15955
15959
15982
15996
15998
16013
16028
16034
16039
16043
16054
16057
16060
16061
16073
16099
16100
16102
16109
16116
16117
16120
16123
16132
16134
16138
16163
16172
16175
16204
16205
16209
16214
16215
16217
16224
16229
16255
16259
16261
16272
16290
16297
16308
16318
16329
16354
16357
16358
16360
16371
16382
16402
16408
16428
16437
16452
16473
16474
16484
16495
16523
16527
16539
16549
16551
16605
16612
16615
16630
16632
16640
16645
16646
16660
16676
16679
16686
16689
16700
16711
16723
16726
16731
16744
16748
16749
16759
16771
16773
16791
16808
16811
16827
16851
16854
16866
16871
16872
16892
16907
16922
16928
16929
16933
16934
16951
16955
16984
16994
17008
17010
17022
17035
17043
17046
17048
17058
17063
17072
17077
17087
17089
17091
17094
17106
17116
17119
17120
17147
17163
17165
17166
17173
17187
17195
17211
17214
17219
17221
17227
17233
17237
17248
17263
17269
17300
17304
17305
17310
17311
17312
17321
17334
17335
17378
17391
17405
17409
17413
17419
17426
17439
17464
17474
17482
17485
17496
17497
17504
17509
17521
17534
17547
17550
17552
17560
17562
17570
17572
17588
17596
17599
17600
17604
17608
17611
17614
17615
17635
17645
17653
17665
17679
17680
17681
17682
17683
17685
17712
17715
17741
17744
17758
17760
17762
17763
17765
17776
17803
17804
17810
17811
17818
17825
17831
17836
17843
17845
17848
17850
17861
17867
17882
17884
17890
17904
17926
17927
17946
17955
17975
17979
17999
18001
18007
18009
18030
18040
18041
18042
18044
18051
18074
18080
18083
18098
18107
18116
18138
18141
18165
18174
18175
18179
18185
18196
18199
18210
18212
18222
18223
18225
18226
18229
18238
18244
18250
18266
18274
18277
18283
18284
18295
18298
18304
18314
18316
18317
18318
18319
18333
18334
18343
18345
18366
18367
18379
18384
18390
18391
18396
18402
18409
18417
18426
18429
18433
18441
18446
18449
18462
18485
18491
18492
18518
18521
18528
18536
18543
18547
18560
18572
18575
18582
18605
18617
18619
18624
18629
18634
18640
18656
18667
18675
18681
18691
18692
18705
18724
18726
18742
18755
18761
18769
18771
18772
18782
18809
18811
18817
18818
18819
18822
18824
18826
18837
18843
18851
18853
18858
18870
18871
18891
18894
18901
18929
18930
18962
18963
18967
18972
18981
18988
18989
18994
19000
19003
19013
19022
19092
19094
19099
19101
19110
19113
19124
19134
19148
19169
19182
19186
19196
19198
19203
19206
19211
19213
19224
19229
19244
19246
19247
19253
19259
19261
19269
19270
19276
19285
19286
19311
19312
19333
19339
19342
19347
19355
19359
19365
19366
19378
19380
19399
19417
19435
19443
19447
19448
19451
19452
19464
19471
19475
19486
19507
19514
19529
19536
19545
19546
19549
19552
19565
19577
19580
19582
19587
19589
19602
19603
19608
19611
19615
19617
19620
19627
19633
19663
19667
19668
19671
19673
19683
19685
19690
19694
19703
19704
19705
19711
19712
19722
19732
19753
19754
19756
19760
19763
19766
19770
19781
19808
19813
19834
19841
19864
19867
19876
19892
19918
19923
19924
19930
19936
19939
19941
19942
19943
19946
19948
19964
19976
19994
20013
20036
20048
20052
20059
20061
20080
20099
20101
20108
20109
20130
20141
20150
20156
20158
20162
20164
20183
20186
20187
20203
20223
20237
20243
20246
20259
20274
20286
20287
20293
20304
20314
20323
20327
20332
20334
20339
20376
20378
20384
20387
20401
20402
20413
20416
20431
20437
20442
20445
20455
20457
20473
20479
20486
20488
20494
20498
20501
20514
20516
20519
20525
20526
20528
20529
20530
20537
20540
20543
20548
20555
20561
20562
20580
20582
20584
20601
20602
20603
20609
20622
20627
20632
20636
20638
20648
20657
20660
20665
20667
20677
20681
20694
20707
20717
20724
20725
20737
20738
20747
20751
20755
20760
20761
20773
20790
20803
20812
20814
20817
20820
20831
20838
20847
20858
20864
20870
20875
20895
20922
20939
20940
20950
20953
20957
20970
20978
20998
21020
21023
21031
21038
21047
21060
21061
21080
21082
21092
21094
21095
21099
21105
21118
21122
21125
21132
21160
21161
21175
21178
21185
21193
21205
21206
21209
21220
21227
21236
21240
21268
21271
21279
21296
21303
21309
21317
21328
21331
21366
21378
21383
21391
21401
21402
21407
21415
21420
21427
21444
21446
21461
21465
21467
21481
21489
21490
21495
21514
21518
21523
21529
21550
21563
21566
21568
21575
21583
21584
21590
21595
21600
21618
21624
21630
21634
21636
21637
21640
21644
21646
21648
21654
21666
21670
21680
21690
21695
21703
21715
21728
21741
21748
21752
21758
21759
21776
21780
21784
21786
21793
21822
21824
21833
21837
21838
21839
21841
21844
21871
21875
21891
21901
21928
21932
21938
21943
21947
21949
21981
21982
21986
21995
22000
22003
22016
22017
22022
22035
22038
22054
22061
22079
22081
22083
22104
22108
22109
22114
22119
22123
22129
22130
22142
22145
22174
22183
22187
22196
22197
22207
22224
22235
22237
22243
22244
22245
22250
22267
22290
22298
22304
22313
22343
22344
22359
22361
22367
22372
22375
22376
22383
22405
22409
22415
22423
22425
22428
22430
22432
22433
22440
22445
22454
22456
22473
22485
22495
22496
22502
22508
22517
22524
22533
22534
22545
22546
22551
22565
22573
22575
22585
22589
22590
22591
22592
22595
22597
22604
22627
22631
22635
22643
22645
22649
22654
22656
22658
22669
22678
22683
22708
22718
22722
22726
22733
22734
22738
22742
22752
22754
22758
22762
22769
22787
22788
22796
22805
22809
22810
22818
22822
22826
22837
22851
22852
22858
22860
22864
22870
22876
22884
22891
22911
22918
22927
22928
22934
22937
22942
22945
22947
22948
22958
22959
22962
22965
22968
22971
22976
22980
22982
22985
22988
22993
22994
23001
23003
23013
23014
23036
23041
23042
23043
23048
23055
23061
23066
23068
23071
23072
23073
23074
23075
23082
23084
23091
23092
23100
23115
23121
23124
23147
23151
23152
23163
23169
23177
23178
23180
23185
23187
23195
23198
23202
23227
23230
23236
23241
23247
23248
23253
23257
23269
23271
23275
23276
23284
23294
23299
23309
23313
23318
23334
23335
23341
23367
23373
23374
23406
23415
23428
23437
23445
23453
23456
23457
23471
23476
23477
23488
23489
23494
23500
23513
23520
23521
23525
23528
23530
23532
23534
23540
23553
23557
23563
23566
23577
23580
23588
23595
23602
23606
23608
23611
23627
23638
23645
23647
23649
23656
23661
23666
23704
23706
23717
23729
23738
23759
23764
23770
23772
23774
23775
23780
23782
23786
23787
23789
23790
23803
23804
23808
23809
23811
23824
23840
23846
23853
23861
23862
23892
23903
23904
23905
23910
23913
23916
23921
23934
23949
23952
23953
23958
23969
23971
23983
23987
23988
23989
23999
24001
24002
24004
24008
24012
24017
24019
24022
24023
24024
24025
24026
24029
24030
24035
24046
24048
24054
24056
24060
24070
24083
24092
24095
24108
24111
24128
24131
24135
24137
24138
24152
24154
24169
24175
24177
24179
24182
24196
24206
24212
24220
24222
24232
24241
24244
24252
24260
24281
24282
24283
24289
24295
24302
24304
24305
24314
24324
24329
24336
24337
24338
24341
24344
24353
24359
24363
24369
24372
24380
24383
24392
24406
24408
24410
24413
24416
24424
24426
24446
24447
24450
24452
24456
24457
24473
24477
24492
24494
24507
24521
24523
24528
24530
24542
24559
24562
24567
24568
24572
24573
24575
24599
24602
24608
24613
24614
24620
24626
24640
24641
24642
24644
24647
24648
24662
24664
24665
24668
24686
24687
24692
24709
24714
24718
24720
24723
24733
24749
24750
24751
24752
24753
24759
24764
24765
24774
24777
24793
24803
24805
24823
24824
24830
24852
24853
24855
24863
24864
24869
24873
24878
24880
24882
24883
24885
24891
24894
24896
24897
24898
24905
24909
24917
24935
24936
24946
24965
24969
24972
24986
24995
24996
