49
91
140
153
168
185
229
231
263
476
551
640
681
686
780
951
961
1148
1180
1222
1295
1298
1345
1453
1719
1754
1856
1897
2056
2063
2070
2075
2461
2523
2853
2987
3022
3085
3175
3189
3270
3430
3466
3661
3783
3819
3849
4000
4055
4213
4228
4317
4352
4474
4695
4912
4916
5102
5103
5265
5269
5270
5349
5362
5417
5458
5471
5525
5545
5604
5666
5744
5761
5969
6111
6125
6140
6175
6189
6215
6282
6337
6355
6407
6614
6623
6641
6720
6846
6953
7112
7533
7764
8076
8202
8290
8357
8493
8517
8565
8587
8624
8690
8733
8749
8752
9000
9044
9058
9091
9188
9192
9226
9377
9442
9468
9601
9625
9654
9730
9946
9981
10065
10148
10225
10367
10476
10612
10781
10886
10937
11144
11241
11267
11296
11368
11381
11403
11501
11620
11648
11681
11736
12332
12355
12420
13172
13217
13243
13442
13516
13680
14030
14363
14386
14915
15053
15111
15180
15191
15314
15422
15656
15665
15734
15746
15804
15811
15816
15963
16160
16285
16295
16349
16404
16570
16614
16630
16721
16774
16875
17049
17124
17126
17164
17377
17410
17465
17484
17503
17518
17654
17666
17772
17940
18011
18055
18284
18336
18389
18558
18629
18680
18788
18821
18880
19061
19116
19126
19235
19242
19297
19357
19391
19416
19542
19568
19595
20025
20051
20163
20177
20242
20447
20522
20710
20877
20883
21052
21338
21395
21479
21631
21680
21801
21829
21973
21986
22171
22226
22255
22328
22370
22443
22556
22597
22601
22770
22882
22890
23104
23536
23613
23860
24525
24655
24688
24758
25000
