140
185
229
231
640
681
780
1295
1345
1719
2075
2523
2853
2987
3430
3661
3783
3819
4228
4317
4916
5102
5604
5666
5969
6125
6337
6355
6614
6641
6720
6846
6953
8565
8624
8690
9000
9044
9091
9192
9377
9442
9468
9601
9730
9981
10148
10225
10612
10937
11241
11501
11648
11681
11736
13217
13243
13442
14363
14386
15053
15111
15180
15191
15422
15665
15734
15804
15811
15816
15963
16285
16295
16570
16614
16721
16774
17049
17410
17465
17484
17666
17772
17940
18011
18055
18558
18788
18821
18880
19061
19357
19542
19568
19595
20163
20242
20447
20522
20710
20883
21052
21338
21479
21973
22171
22226
22255
22328
22443
22597
22601
22882
23613
23860
24758
