49
97
159
237
246
254
296
317
409
453
454
459
468
606
618
702
750
752
772
781
787
792
812
849
893
904
1015
1040
1124
1129
1147
1165
1256
1264
1386
1416
1424
1448
1457
1460
1534
1617
1620
1663
1667
1669
1724
1771
1786
1803
1805
1806
1847
1861
1924
2004
2022
2084
2111
2172
2195
2204
2210
2304
2314
2404
2466
2504
2510
2511
2527
2533
2564
2643
2705
2796
2840
2875
2880
2883
2908
2933
2938
2981
3021
3040
3058
3114
3138
3194
3238
3334
3454
3500
3505
3557
3578
3612
3645
3654
3715
3723
3757
3863
3865
3869
3905
3910
3941
3978
4061
4113
4117
4133
4143
4155
4167
4182
4194
4197
4205
4217
4222
4232
4255
4271
4312
4313
4314
4334
4349
4355
4366
4421
4434
4464
4478
4504
4507
4512
4516
4523
4556
4594
4605
4660
4690
4707
4727
4733
4736
4748
4773
4784
4789
5033
5134
5147
5178
5193
5194
5214
5218
5224
5230
5278
5283
5295
5303
5334
5367
5372
5433
5452
5457
5466
5472
5492
5561
5622
5637
5677
5746
5752
5771
5800
5806
5851
5866
5871
5873
5929
5933
5978
5989
5997
6047
6069
6075
6094
6134
6135
6166
6169
6197
6268
6313
6321
6344
6405
6406
6443
6468
6501
6518
6539
6561
6574
6595
6612
6621
6629
6643
6674
6707
6716
6735
6752
6775
6820
6869
6879
6889
6898
6904
6943
6949
7118
7142
7148
7155
7196
7286
7287
7318
7320
7367
7373
7470
7495
7528
7544
7568
7623
7656
7660
7780
7799
7812
7914
7967
7998
8016
8020
8039
8040
8067
8087
8110
8170
8172
8254
8289
8330
8372
8467
8502
8520
8535
8548
8674
8702
8727
8817
8821
8846
8853
8979
9020
9048
9105
9108
9120
9145
9151
9184
9243
9336
9366
9393
9394
9430
9464
9543
9630
9638
9655
9673
9752
9805
9837
9906
9931
10007
10019
10077
10102
10165
10181
10209
10228
10261
10293
10298
10329
10332
10444
10457
10484
10522
10529
10561
10600
10641
10664
10688
10719
10758
10771
10777
10780
10796
10817
10854
10887
10891
10926
10952
10963
10973
11013
11032
11050
11064
11116
11120
11125
11148
11207
11234
11235
11304
11330
11333
11400
11426
11434
11664
11686
11701
11715
11776
11780
11832
11835
11849
11969
12014
12018
12141
12187
12258
12329
12364
12505
12511
12602
12619
12632
12824
12844
12893
12901
12906
12964
13033
13051
13092
13164
13181
13189
13247
13265
13315
13420
13453
13463
13477
13490
13492
13553
13612
13628
13686
13713
13723
13756
13790
13794
13840
13873
13881
13889
13943
13982
13989
14085
14105
14107
14140
14150
14207
14246
14277
14376
14393
14435
14451
14509
14512
14514
14633
14643
14652
14659
14738
14756
14877
14887
14920
14931
14947
15015
15047
15220
15286
15300
15357
15421
15469
15616
15647
15779
15781
15832
15849
15924
15998
16039
16116
16138
16215
16261
16272
16382
16473
16523
16679
16711
16771
16791
16827
16866
16871
16872
16955
17063
17089
17094
17187
17233
17269
17300
17311
17378
17504
17547
17550
17552
17588
17608
17712
17760
17811
17850
17946
18044
18074
18116
18141
18185
18196
18274
18277
18318
18319
18334
18366
18367
18417
18462
18492
18521
18528
18536
18560
18572
18619
18691
18742
18769
18782
18811
18818
18819
18988
18989
19003
19022
19092
19099
19101
19110
19203
19211
19261
19342
19359
19464
19529
19552
19602
19627
19673
19685
19705
19754
19763
19841
19867
19923
19939
19964
19976
19994
20036
20080
20101
20150
20162
20183
20259
20286
20323
20327
20332
20334
20339
20384
20387
20402
20437
20445
20457
20514
20519
20562
20609
20648
20657
20677
20694
20751
20803
20820
20940
20950
21020
21080
21099
21296
21378
21415
21420
21444
21490
21523
21550
21566
21568
21636
21648
21666
21748
21752
21839
21943
21981
21982
22016
22022
22054
22083
22129
22183
22243
22245
22267
22304
22313
22344
22383
22405
22409
22432
22454
22485
22502
22534
22589
22592
22635
22649
22722
22754
22758
22805
22822
22826
22852
22884
22927
22948
22971
22985
22993
23003
23014
23061
23068
23072
23082
23084
23092
23100
23152
23169
23177
23178
23187
23202
23236
23241
23271
23284
23294
23309
23374
23457
23525
23540
23553
23580
23602
23772
23782
23787
23803
23809
23853
23892
23904
23913
23916
23921
23999
24017
24019
24023
24025
24026
24046
24048
24054
24060
24070
24095
24108
24135
24154
24169
24260
24281
24304
24314
24344
24383
24413
24446
24447
24450
24456
24457
24477
24559
24572
24575
24642
24647
24686
24687
24765
24774
24777
24793
24803
24853
24878
24894
24896
24897
24935
