49
97
159
237
254
296
317
409
453
454
459
468
618
702
750
752
781
787
849
893
1015
1264
1386
1416
1448
1457
1460
1534
1617
1620
1724
1771
1806
1924
2111
2172
2195
2204
2210
2314
2404
2510
2527
2564
2643
2705
2796
2875
2883
2908
2933
2938
2981
3021
3114
3138
3194
3238
3334
3454
3557
3578
3612
3645
3654
3757
3865
3869
3910
3941
4061
4113
4117
4133
4143
4155
4167
4182
4197
4222
4232
4312
4313
4314
4334
4349
4366
4421
4434
4464
4504
4507
4512
4516
4523
4594
4605
4727
4733
4736
4748
4773
5134
5147
5178
5193
5218
5224
5278
5283
5295
5367
5372
5457
5466
5472
5561
5622
5637
5677
5771
5800
5806
5851
5866
5873
5929
5933
5989
6069
6075
6094
6134
6166
6169
6268
6313
6406
6518
6612
6629
6674
6707
6716
6752
6775
6820
6879
6889
6898
6943
6949
7148
7155
7196
7287
7318
7320
7367
7495
7528
7660
7780
7799
7812
7914
7967
7998
8016
8020
8039
8040
8067
8110
8170
8172
8254
8289
8330
8372
8467
8502
8520
8535
8674
8702
8727
8817
8853
8979
9020
9048
9105
9108
9120
9145
9151
9336
9366
9393
9430
9543
9638
9655
9673
9805
9837
9906
10019
10077
10102
10165
10181
10228
10261
10298
10332
10444
10457
10484
10529
10561
10688
10758
10777
10780
10817
10887
10891
10963
10973
11032
11050
11116
11120
11235
11304
11426
11664
11686
11715
11780
11832
11849
12018
12258
12364
12505
12511
12602
12844
12893
12901
13033
13092
13164
13189
13247
13265
13420
13453
13463
13490
13756
13790
13840
13881
13943
14105
14107
14140
14150
14246
14393
14435
14451
14509
14512
14514
14652
14756
14877
14887
14920
15220
15286
15357
15421
15616
15779
15781
15832
15849
15924
15998
16039
16138
16261
16382
16679
16711
16791
16827
16866
16871
16872
16955
17063
17089
17187
17233
17300
17311
17378
17547
17552
17712
17760
17811
17946
18044
18116
18141
18185
18196
18274
18277
18318
18319
18366
18367
18417
18492
18528
18536
18560
18572
18619
18691
18742
18782
18811
18818
18989
19022
19099
19101
19110
19211
19342
19359
19552
19602
19627
19685
19705
19763
19841
19939
19964
20036
20080
20162
20286
20323
20332
20334
20339
20445
20562
20609
20648
20657
20694
20803
20820
20950
21020
21080
21099
21296
21444
21490
21550
21566
21636
21666
21748
21752
21839
21943
21981
21982
22016
22022
22083
22129
22245
22344
22454
22485
22502
22534
22589
22592
22649
22722
22754
22758
22805
22822
22826
22884
22948
22985
22993
23003
23014
23061
23068
23082
23084
23092
23100
23152
23169
23177
23178
23187
23202
23236
23271
23284
23294
23309
23374
23525
23540
23553
23602
23772
23782
23787
23803
23809
23892
23904
23913
23916
23921
23999
24017
24019
24023
24025
24026
24048
24060
24070
24108
24154
24169
24260
24281
24304
24314
24383
24413
24446
24559
24575
24642
24647
24686
24687
24765
24774
24803
24853
24878
24894
24896
24897
24935
