11
47
56
60
72
130
137
161
180
184
211
212
235
321
336
356
401
402
427
445
462
533
566
567
608
626
673
729
747
749
782
810
814
841
845
851
853
881
933
979
989
1025
1051
1058
1064
1096
1106
1110
1130
1163
1188
1229
1253
1268
1305
1344
1361
1362
1422
1429
1442
1445
1446
1475
1514
1522
1527
1588
1608
1633
1678
1696
1706
1751
1757
1790
1798
1802
1837
1838
1869
1877
1882
1927
1947
1958
1960
1998
2080
2100
2211
2264
2272
2285
2292
2324
2326
2333
2350
2382
2390
2393
2416
2441
2464
2468
2486
2494
2497
2550
2557
2609
2619
2667
2692
2696
2717
2762
2785
2822
2832
2850
2880
2915
2960
3005
3011
3016
3034
3035
3042
3062
3085
3086
3091
3134
3159
3161
3191
3209
3218
3224
3231
3233
3251
3275
3292
3330
3348
3370
3401
3445
3472
3513
3540
3546
3565
3577
3580
3590
3598
3632
3662
3702
3717
3767
3809
3810
3830
3832
3878
3918
3945
3961
4017
4018
4051
4071
4095
4106
4138
4160
4212
4215
4326
4373
4470
4473
4478
4488
4517
4555
4557
4619
4641
4662
4688
4689
4705
4706
4709
4726
4739
4772
4835
4837
4862
4881
4885
4922
5007
5068
5112
5116
5129
5215
5219
5227
5238
5253
5259
5263
5293
5314
5319
5339
5358
5421
5430
5439
5460
5470
5495
5499
5500
5528
5571
5586
5624
5628
5631
5690
5726
5824
5860
5872
5923
5949
5993
5999
6036
6058
6086
6101
6118
6139
6143
6145
6157
6172
6202
6236
6301
6358
6377
6387
6389
6399
6413
6454
6499
6508
6552
6583
6598
6691
6694
6745
6754
6849
6907
6912
6913
6954
6964
6967
6982
6989
6992
7009
7017
7076
7096
7172
7207
7215
7250
7267
7337
7341
7346
7354
7393
7413
7467
7468
7490
7494
7497
7506
7511
7523
7536
7588
7605
7610
7628
7643
7695
7698
7730
7747
7760
7784
7806
7833
7860
7971
7976
8022
8024
8038
8050
8112
8123
8142
8146
8169
8220
8224
8238
8258
8264
8271
8272
8303
8329
8352
8364
8371
8392
8399
8407
8417
8424
8457
8470
8478
8492
8537
8552
8568
8629
8630
8699
8714
8767
8775
8776
8813
8861
8882
8889
8911
8916
8924
8929
8938
8950
8972
8988
8990
9031
9051
9053
9059
9061
9065
9077
9099
9132
9166
9222
9226
9281
9297
9306
9326
9331
9337
9352
9381
9387
9395
9401
9409
9410
9414
9419
9489
9491
9496
9499
9509
9588
9602
9648
9659
9663
9711
9736
9759
9771
9845
9848
9857
9923
9952
9953
9963
9976
9987
10001
10006
10017
10052
10087
10094
10115
10128
10159
10168
10183
10199
10208
10218
10251
10271
10273
10302
10320
10335
10350
10386
10400
10409
10416
10418
10437
10473
10502
10511
10567
10572
10582
10616
10624
10656
10660
10684
10728
10759
10827
10830
10839
10861
10875
10881
10926
10974
10990
11031
11036
11048
11067
11110
11113
11132
11138
11152
11163
11201
11206
11209
11213
11221
11251
11280
11306
11322
11338
11344
11382
11401
11414
11427
11429
11439
11445
11480
11508
11517
11518
11521
11550
11565
11599
11622
11626
11651
11667
11684
11687
11688
11694
11731
11739
11751
11831
11845
11855
11875
11877
11889
11916
11946
11951
11963
11984
11999
12000
12009
12052
12064
12069
12075
12081
12113
12122
12154
12160
12178
12193
12213
12245
12260
12264
12323
12361
12396
12434
12456
12469
12482
12506
12525
12538
12541
12556
12618
12620
12654
12688
12709
12721
12731
12734
12739
12777
12798
12822
12828
12835
12863
12910
12930
12947
12953
12957
12979
12987
13072
13081
13188
13195
13215
13231
13233
13284
13286
13297
13307
13323
13334
13338
13351
13381
13412
13415
13416
13441
13473
13485
13523
13527
13532
13563
13576
13587
13589
13595
13601
13627
13634
13641
13659
13661
13664
13670
13696
13752
13762
13785
13789
13811
13816
13817
13824
13834
13841
13850
13867
13883
13911
13915
13918
13919
13923
13934
13946
13976
13997
14037
14042
14059
14109
14131
14132
14148
14155
14178
14181
14183
14192
14219
14229
14279
14291
14304
14307
14331
14339
14341
14344
14383
14388
14433
14452
14454
14484
14492
14501
14506
14521
14542
14546
14551
14560
14582
14600
14631
14632
14683
14693
14741
14758
14765
14792
14840
14939
14940
14989
14993
14996
15010
15087
15110
15120
15154
15160
15188
15230
15247
15265
15302
15317
15340
15374
15375
15380
15383
15387
15395
15403
15420
15467
15473
15487
15519
15538
15541
15552
15588
15629
15663
15764
15777
15780
15824
15825
15870
15911
15917
15928
15934
15942
15945
15948
15969
16002
16031
16041
16077
16098
16158
16174
16185
16248
16254
16260
16291
16348
16366
16398
16414
16424
16442
16457
16458
16465
16466
16493
16504
16506
16523
16529
16531
16543
16565
16609
16611
16614
16615
16638
16647
16663
16671
16696
16707
16785
16819
16836
16848
16853
16862
16867
16896
16936
16956
16957
16960
16961
16966
17005
17009
17013
17036
17059
17093
17102
17117
17145
17160
17182
17198
17231
17244
17258
17261
17292
17309
17320
17389
17472
17520
17539
17573
17585
17589
17593
17601
17625
17631
17640
17662
17670
17672
17709
17726
17749
17779
17788
17792
17795
17799
17817
17825
17889
17921
17929
17931
17932
17944
17945
17949
17957
17958
17963
17969
17976
17998
18000
18004
18029
18048
18077
18089
18124
18125
18168
18172
18188
18210
18230
18243
18288
18293
18303
18358
18424
18435
18460
18481
18493
18523
18544
18585
18600
18640
18646
18668
18672
18693
18706
18749
18760
18776
18793
18802
18803
18804
18822
18851
18852
18872
18875
18897
18912
18936
18961
18971
18979
18985
19004
19008
19012
19042
19043
19052
19060
19099
19133
19135
19155
19157
19158
19163
19194
19204
19215
19228
19254
19262
19263
19266
19309
19326
19331
19332
19334
19401
19402
19410
19414
19430
19433
19458
19459
19462
19474
19478
19489
19506
19538
19562
19566
19584
19606
19617
19638
19641
19659
19686
19693
19702
19735
19737
19825
19828
19872
19879
19897
19913
19947
19963
19988
20042
20047
20053
20081
20110
20119
20175
20182
20201
20218
20250
20255
20261
20284
20299
20319
20383
20414
20419
20420
20427
20429
20435
20458
20470
20481
20509
20589
20615
20619
20631
20641
20646
20654
20669
20688
20715
20730
20742
20762
20766
20771
20782
20796
20807
20810
20821
20823
20861
20878
20880
20887
20905
20909
20920
20927
20949
20952
20984
21011
21026
21033
21055
21066
21067
21074
21101
21121
21137
21208
21217
21219
21251
21272
21287
21288
21290
21291
21310
21366
21417
21432
21442
21454
21507
21517
21535
21541
21587
21596
21615
21650
21658
21714
21732
21760
21767
21771
21777
21799
21815
21830
21868
21883
21908
21915
21921
21971
21996
22026
22042
22046
22095
22101
22121
22142
22149
22268
22293
22303
22322
22366
22389
22396
22399
22414
22434
22441
22467
22530
22540
22564
22623
22633
22677
22710
22729
22772
22784
22824
22904
22924
22960
22991
23032
23094
23119
23129
23186
23214
23245
23264
23345
23372
23412
23443
23484
23514
23555
23563
23607
23660
23679
23735
23743
23830
23832
23884
23918
23922
23931
23960
23964
23995
24000
24022
24065
24068
24075
24115
24130
24237
24249
24334
24452
24506
24509
24600
24601
24618
24623
24654
24678
24697
24706
24746
24795
24816
24844
24845
24910
