47
56
60
72
137
184
211
336
401
402
462
810
814
851
853
933
989
1051
1130
1229
1305
1344
1361
1429
1475
1514
1522
1527
1757
1802
1869
1927
1947
2264
2326
2333
2382
2390
2393
2557
2609
2692
2822
2832
2880
2915
2960
3035
3218
3231
3330
3348
3370
3472
3513
3577
3598
3717
3832
3945
4018
4138
4326
4373
4662
4688
4705
4706
4709
4835
4837
4862
4881
4885
4922
5007
5068
5116
5129
5253
5314
5439
5460
5470
5495
5528
5631
5726
5923
5949
5999
6086
6236
6389
6691
6745
6754
6907
6964
6982
6989
6992
7096
7172
7215
7354
7468
7494
7523
7610
7628
7643
7784
7976
8024
8303
8352
8399
8417
8424
8568
8714
8861
8916
9059
9065
9166
9297
9306
9331
9337
9381
9395
9401
9419
9489
9736
9845
9848
10001
10128
10168
10251
10320
10350
10567
10572
10684
10827
10830
11031
11036
11048
11110
11113
11132
11138
11152
11206
11213
11322
11344
11518
11599
11622
11651
11916
11999
12009
12052
12064
12069
12122
12193
12245
12264
12323
12361
12396
12469
12482
12506
12525
12556
12620
12721
12734
12828
12835
12863
12910
12930
12947
12987
13072
13081
13188
13195
13215
13233
13297
13323
13351
13412
13473
13485
13523
13587
13634
13641
13661
13670
13762
13811
13816
13817
13824
13834
13841
13911
13919
13976
14037
14131
14148
14183
14279
14291
14304
14331
14344
14452
14454
14484
14492
14501
14560
14600
14631
14683
14741
14940
14996
15087
15265
15302
15375
15380
15467
15487
15538
15780
15917
15928
15945
15948
16041
16158
16254
16260
16291
16366
16414
16466
16504
16529
16609
16638
16647
16663
16671
16707
16819
16862
16867
16966
17102
17117
17160
17198
17231
17244
17292
17320
17389
17589
17593
17640
17672
17709
17817
17944
17957
18029
18048
18077
18188
18358
18493
18544
18646
18668
18672
18693
18749
18760
18875
18897
18985
19052
19135
19163
19332
19402
19462
19489
19562
19872
19913
20119
20201
20250
20383
20420
20427
20470
20654
20669
20688
20715
20766
20807
20810
20861
20887
20949
20952
21055
21101
21121
21208
21219
21272
21287
21288
21310
21432
21442
21587
21658
21767
21830
21883
22042
22149
22268
22303
22322
22434
22530
22467
22564
22623
22710
22772
23094
23119
23214
23264
23514
23660
23960
23964
24068
24334
24509
24601
24678
24816
24845
