15
21
31
33
77
81
93
103
116
165
173
179
187
191
206
221
233
249
253
295
302
306
307
337
345
367
368
373
385
400
405
417
426
446
464
473
485
499
521
538
549
553
598
616
645
657
664
666
688
700
712
716
729
759
762
783
794
796
797
818
820
867
883
932
966
968
970
982
990
1000
1009
1010
1021
1042
1068
1074
1089
1095
1113
1143
1149
1155
1157
1160
1162
1195
1199
1229
1242
1250
1251
1279
1284
1319
1347
1394
1414
1437
1450
1464
1466
1467
1488
1493
1499
1502
1506
1507
1527
1544
1549
1550
1559
1588
1596
1608
1611
1617
1627
1634
1696
1711
1730
1734
1743
1766
1775
1782
1816
1817
1904
1908
1992
1999
2044
2080
2092
2130
2140
2231
2236
2259
2283
2323
2331
2337
2348
2449
2452
2455
2470
2500
2540
2581
2603
2604
2607
2610
2665
2679
2686
2760
2845
2862
2866
2913
2985
3000
3076
3124
3138
3163
3216
3226
3294
3296
3317
3328
3341
3370
3377
3382
3386
3408
3460
3493
3505
3509
3568
3587
3625
3636
3665
3719
3737
3776
3839
3842
3859
3909
3944
3963
4017
4036
4128
4156
4164
4190
4251
4272
4302
4303
4304
4306
4390
4403
4415
4429
4462
4567
4573
4582
4591
4602
4638
4654
4658
4711
4740
4792
4814
4825
4905
4919
4933
4941
4945
4958
4993
5004
5009
5019
5025
5026
5038
5040
5063
5068
5069
5082
5097
5162
5168
5177
5182
5212
5221
5225
5245
5281
5284
5327
5345
5374
5399
5434
5476
5478
5515
5570
5581
5583
5587
5596
5625
5630
5649
5657
5658
5672
5682
5704
5736
5753
5770
5774
5778
5789
5791
5792
5824
5835
5855
5910
5922
5955
5963
5965
5981
5990
6026
6030
6034
6037
6040
6047
6052
6101
6112
6114
6115
6134
6188
6202
6207
6235
6277
6280
6301
6315
6358
6398
6408
6415
6451
6478
6482
6494
6501
6507
6533
6545
6558
6574
6585
6588
6589
6591
6646
6648
6652
6664
6684
6728
6748
6781
6795
6801
6828
6853
6883
6884
6887
6909
6952
6959
6972
7009
7024
7026
7093
7104
7120
7140
7158
7171
7172
7176
7178
7179
7191
7201
7247
7250
7259
7267
7284
7314
7332
7337
7341
7381
7423
7431
7456
7458
7503
7508
7532
7558
7565
7588
7606
7611
7623
7629
7639
7656
7670
7676
7695
7709
7713
7747
7782
7786
7798
7806
7837
7865
7882
7885
7909
7911
7912
7950
7958
7982
8138
8151
8161
8166
8184
8205
8269
8299
8311
8317
8323
8326
8354
8355
8375
8378
8403
8421
8439
8446
8488
8495
8501
8513
8541
8571
8591
8621
8641
8653
8656
8657
8673
8740
8746
8747
8753
8790
8793
8800
8822
8838
8850
8864
8886
8893
8912
8922
8952
8975
9043
9047
9063
9080
9100
9104
9130
9194
9209
9227
9229
9235
9247
9274
9312
9314
9319
9323
9325
9367
9405
9467
9475
9506
9511
9526
9528
9583
9594
9608
9610
9624
9632
9639
9641
9663
9716
9788
9810
9812
9822
9870
9876
9891
9892
9915
9926
9970
9977
9991
10006
10025
10036
10041
10044
10045
10047
10052
10080
10105
10115
10124
10147
10154
10158
10166
10176
10230
10249
10261
10266
10283
10293
10295
10296
10305
10312
10368
10384
10388
10395
10398
10404
10408
10410
10465
10470
10472
10479
10512
10513
10526
10609
10628
10678
10734
10757
10759
10774
10809
10841
10857
10861
10874
10909
10920
10943
10977
10986
11063
11071
11083
11102
11119
11134
11147
11155
11164
11175
11203
11219
11239
11243
11252
11287
11300
11332
11373
11384
11386
11412
11448
11496
11544
11546
11554
11570
11573
11578
11650
11674
11699
11740
11745
11747
11749
11756
11782
11815
11827
11846
11847
11856
11869
11887
11948
11955
11968
12009
12018
12066
12085
12162
12166
12183
12273
12276
12291
12317
12329
12331
12334
12339
12357
12373
12398
12411
12418
12450
12464
12468
12482
12486
12493
12506
12511
12529
12533
12547
12562
12580
12593
12636
12647
12690
12693
12709
12714
12761
12766
12814
12837
12842
12855
12857
12889
12898
12921
13001
13035
13039
13061
13062
13083
13094
13111
13125
13138
13193
13228
13246
13252
13261
13310
13327
13340
13341
13351
13368
13369
13402
13412
13417
13494
13509
13540
13565
13568
13574
13630
13637
13638
13673
13677
13700
13713
13714
13715
13718
13725
13727
13772
13775
13791
13797
13806
13823
13869
13870
13898
13946
13961
13969
13977
14051
14083
14097
14157
14158
14177
14196
14204
14221
14222
14227
14237
14242
14243
14280
14315
14319
14360
14401
14402
14409
14426
14433
14457
14464
14480
14484
14495
14541
14555
14569
14606
14609
14613
14648
14656
14686
14719
14730
14784
14786
14791
14800
14830
14897
14917
15014
15024
15064
15097
15121
15127
15129
15133
15137
15203
15208
15210
15268
15277
15292
15307
15320
15395
15404
15412
15420
15423
15439
15450
15459
15463
15485
15511
15538
15575
15587
15594
15611
15614
15641
15687
15693
15709
15716
15737
15764
15802
15809
15827
15851
15854
15910
15926
15932
15933
15935
15948
15960
15981
15995
16014
16023
16037
16046
16065
16066
16095
16098
16107
16128
16131
16149
16157
16166
16170
16177
16187
16188
16196
16203
16219
16245
16247
16249
16265
16276
16367
16377
16396
16432
16443
16448
16449
16454
16477
16501
16513
16522
16524
16554
16563
16574
16580
16591
16627
16628
16633
16638
16666
16668
16680
16684
16696
16698
16717
16734
16780
16784
16829
16831
16861
16865
16881
16887
16888
16895
16900
16918
16943
16995
16998
17002
17006
17019
17031
17034
17052
17054
17060
17092
17110
17153
17174
17183
17199
17200
17215
17235
17253
17255
17287
17327
17330
17338
17339
17342
17355
17370
17375
17380
17404
17445
17448
17525
17526
17538
17540
17544
17558
17565
17576
17591
17597
17625
17646
17651
17652
17689
17729
17735
17742
17747
17750
17783
17802
17815
17827
17837
17847
17954
17959
17983
17990
17994
18039
18056
18061
18070
18076
18104
18108
18127
18132
18142
18149
18157
18166
18180
18183
18208
18228
18231
18233
18240
18251
18264
18289
18291
18306
18310
18311
18319
18330
18338
18342
18346
18356
18369
18371
18444
18447
18467
18472
18474
18487
18527
18541
18549
18550
18567
18570
18590
18596
18599
18603
18606
18607
18619
18622
18670
18698
18711
18725
18759
18761
18762
18766
18842
18853
18863
18885
18903
18905
18922
18926
18939
18940
18941
18947
18948
18955
18969
18974
18990
18993
18995
18997
19004
19020
19035
19036
19087
19124
19132
19143
19160
19205
19256
19257
19290
19302
19352
19373
19388
19443
19453
19455
19466
19490
19496
19509
19521
19566
19576
19586
19699
19710
19724
19735
19759
19772
19791
19793
19863
19866
19877
19935
19937
19957
19966
19973
19996
20015
20023
20055
20095
20111
20154
20155
20195
20207
20259
20298
20319
20347
20389
20402
20441
20486
20499
20523
20569
20579
20590
20593
20613
20649
20716
20727
20791
20796
20800
20811
20912
20931
20942
20969
20994
21011
21018
21032
21068
21092
21104
21119
21126
21195
21231
21281
21300
21353
21433
21473
21499
21547
21559
21601
21616
21622
21654
21678
21682
21698
21701
21771
21777
21797
21804
21814
21820
21835
21839
21846
21866
21878
21881
21887
21897
21911
21916
21933
21941
21971
21993
22015
22033
22070
22127
22148
22150
22161
22168
22199
22208
22240
22258
22304
22331
22358
22435
22447
22448
22453
22469
22528
22536
22552
22555
22569
22581
22633
22704
22728
22740
22751
22775
22782
22783
22857
22863
22903
22906
22912
22913
22924
22926
22939
22951
22956
22984
23000
23006
23018
23045
23070
23099
23112
23114
23128
23159
23165
23176
23184
23186
23197
23199
23210
23241
23247
23259
23262
23289
23292
23369
23384
23388
23396
23404
23408
23416
23420
23431
23497
23583
23584
23592
23621
23622
23626
23637
23686
23697
23706
23719
23757
23763
23776
23839
23847
23852
23855
23859
23881
23885
23902
23914
23937
23954
23955
23976
23980
23993
23995
24054
24072
24095
24104
24125
24148
24157
24170
24184
24191
24219
24231
24242
24259
24284
24288
24330
24343
24364
24368
24391
24396
24410
24429
24435
24439
24458
24462
24473
24489
24498
24585
24600
24605
24606
24648
24672
24685
24702
24711
24713
24729
24730
24735
24741
24743
24776
24777
24789
24795
24836
24848
24879
24882
24894
24913
24927
24931
24933
24939
24951
24963
24985
24998
