6
9
15
20
21
31
33
38
48
56
67
74
77
79
81
92
93
96
102
103
113
116
123
136
165
167
169
173
179
182
187
191
195
196
198
206
210
220
221
228
233
234
235
246
249
253
275
277
280
295
302
303
306
307
310
315
318
319
328
329
336
337
341
345
347
348
350
367
368
369
373
384
385
387
388
399
400
405
415
417
421
426
434
440
441
446
449
452
460
464
466
471
473
485
488
492
499
501
509
514
521
531
538
549
553
554
574
580
582
598
612
616
618
619
645
657
659
662
664
665
666
667
673
674
688
692
694
700
701
708
712
716
723
729
731
748
759
762
767
783
785
788
790
794
796
797
814
815
818
820
866
867
868
877
883
894
902
905
911
916
927
931
932
941
956
958
966
968
970
974
982
984
990
995
1000
1002
1003
1008
1009
1010
1013
1021
1024
1038
1042
1050
1054
1068
1069
1074
1082
1083
1089
1095
1108
1113
1114
1116
1120
1122
1129
1132
1143
1149
1150
1155
1157
1160
1162
1164
1186
1191
1195
1199
1200
1201
1202
1208
1213
1225
1229
1230
1235
1242
1243
1250
1251
1256
1261
1264
1275
1279
1284
1302
1303
1309
1319
1329
1337
1347
1379
1391
1394
1414
1428
1430
1437
1443
1450
1456
1461
1462
1464
1466
1467
1469
1478
1488
1489
1493
1499
1502
1506
1507
1513
1516
1518
1527
1544
1549
1550
1559
1562
1574
1588
1594
1596
1600
1605
1608
1611
1616
1617
1627
1634
1644
1645
1657
1658
1660
1663
1677
1681
1696
1708
1711
1715
1721
1725
1730
1734
1740
1743
1749
1751
1757
1766
1772
1775
1777
1782
1807
1810
1811
1816
1817
1822
1828
1830
1842
1866
1867
1869
1871
1873
1898
1903
1904
1908
1920
1924
1949
1951
1955
1958
1960
1963
1965
1989
1992
1995
1998
1999
2011
2015
2016
2026
2030
2035
2044
2053
2078
2080
2081
2090
2092
2107
2112
2130
2139
2140
2147
2150
2208
2228
2231
2234
2236
2246
2248
2256
2259
2260
2268
2283
2291
2296
2314
2315
2323
2324
2329
2331
2334
2337
2339
2348
2358
2376
2379
2382
2388
2397
2406
2424
2430
2442
2447
2449
2452
2455
2466
2470
2473
2476
2480
2482
2490
2494
2498
2500
2506
2512
2517
2522
2533
2534
2535
2540
2563
2578
2581
2593
2595
2603
2604
2607
2610
2613
2620
2625
2645
2651
2665
2676
2679
2686
2687
2696
2700
2712
2713
2718
2720
2728
2734
2740
2749
2750
2760
2779
2793
2797
2799
2811
2816
2820
2821
2838
2842
2845
2846
2847
2862
2863
2865
2866
2878
2880
2895
2902
2910
2913
2926
2928
2931
2937
2942
2952
2955
2957
2960
2969
2982
2985
2988
2990
3000
3001
3005
3006
3007
3017
3025
3030
3040
3041
3043
3044
3045
3058
3065
3076
3077
3086
3088
3091
3092
3104
3106
3109
3122
3124
3125
3126
3138
3139
3152
3156
3161
3163
3188
3213
3215
3216
3222
3226
3229
3239
3240
3241
3250
3294
3296
3317
3323
3328
3333
3341
3352
3370
3372
3377
3382
3386
3407
3408
3411
3423
3428
3438
3449
3460
3470
3479
3484
3493
3498
3499
3505
3506
3509
3510
3512
3517
3523
3525
3538
3546
3550
3554
3555
3560
3565
3568
3583
3587
3617
3625
3636
3640
3650
3651
3655
3665
3670
3671
3672
3677
3680
3696
3700
3702
3719
3734
3737
3738
3741
3746
3748
3755
3756
3759
3760
3767
3770
3776
3780
3796
3806
3810
3837
3839
3841
3842
3852
3855
3857
3859
3861
3876
3904
3907
3909
3917
3924
3928
3944
3955
3960
3962
3963
3967
3970
3985
3992
3999
4006
4010
4017
4029
4036
4046
4052
4054
4067
4071
4072
4078
4088
4093
4095
4096
4098
4105
4107
4108
4110
4115
4119
4128
4129
4131
4144
4156
4159
4160
4162
4164
4171
4190
4191
4198
4200
4205
4215
4216
4227
4235
4238
4243
4251
4260
4263
4268
4270
4272
4283
4284
4286
4288
4299
4302
4303
4304
4306
4307
4313
4321
4322
4333
4355
4356
4367
4368
4369
4371
4372
4380
4390
4392
4393
4403
4415
4420
4427
4429
4443
4456
4462
4469
4470
4481
4485
4501
4506
4517
4532
4541
4543
4552
4555
4567
4573
4580
4582
4591
4594
4602
4606
4611
4623
4628
4629
4638
4654
4658
4670
4672
4673
4679
4687
4697
4704
4711
4713
4718
4725
4731
4736
4740
4745
4770
4772
4774
4776
4781
4791
4792
4795
4800
4803
4813
4814
4819
4825
4831
4845
4848
4849
4858
4863
4869
4874
4878
4885
4890
4892
4899
4905
4906
4907
4915
4919
4921
4933
4938
4941
4942
4945
4958
4968
4971
4974
4993
5003
5004
5006
5007
5009
5019
5025
5026
5030
5033
5038
5040
5045
5063
5068
5069
5078
5081
5082
5097
5112
5119
5129
5137
5144
5146
5151
5162
5168
5177
5182
5212
5214
5221
5225
5227
5245
5249
5273
5276
5277
5281
5282
5284
5301
5314
5316
5327
5339
5345
5374
5391
5399
5402
5422
5434
5440
5450
5464
5469
5474
5476
5478
5490
5492
5496
5499
5515
5519
5533
5542
5554
5555
5570
5581
5583
5587
5596
5611
5625
5627
5630
5637
5649
5657
5658
5660
5672
5682
5690
5691
5694
5696
5699
5704
5709
5716
5726
5727
5734
5736
5740
5753
5756
5757
5770
5774
5778
5788
5789
5791
5792
5807
5824
5826
5834
5835
5842
5844
5855
5859
5863
5869
5881
5891
5910
5922
5924
5949
5951
5955
5963
5965
5978
5981
5990
6026
6030
6034
6037
6039
6040
6047
6052
6060
6063
6066
6088
6101
6112
6114
6115
6123
6124
6133
6134
6141
6146
6155
6174
6176
6188
6197
6202
6204
6207
6212
6218
6222
6235
6238
6241
6246
6271
6277
6280
6290
6301
6305
6306
6315
6316
6321
6330
6331
6338
6349
6358
6384
6395
6398
6408
6415
6437
6443
6446
6450
6451
6467
6478
6482
6490
6494
6501
6507
6533
6545
6546
6558
6564
6574
6585
6588
6589
6591
6598
6604
6605
6613
6634
6636
6643
6646
6648
6652
6664
6674
6684
6694
6696
6719
6721
6728
6735
6743
6748
6758
6762
6766
6771
6781
6789
6795
6801
6822
6828
6830
6842
6853
6857
6862
6870
6883
6884
6887
6888
6909
6911
6918
6952
6959
6972
6978
6983
6991
7004
7007
7009
7010
7024
7026
7044
7046
7060
7066
7068
7076
7093
7095
7104
7109
7110
7117
7119
7120
7133
7140
7146
7154
7158
7164
7168
7171
7172
7176
7178
7179
7191
7198
7201
7236
7247
7250
7252
7259
7267
7284
7288
7294
7297
7305
7314
7317
7324
7331
7332
7337
7339
7341
7349
7365
7381
7390
7393
7400
7413
7423
7431
7452
7456
7458
7461
7477
7489
7503
7508
7511
7532
7538
7550
7554
7558
7565
7571
7588
7605
7606
7607
7611
7612
7623
7629
7639
7644
7656
7670
7676
7689
7694
7695
7706
7709
7713
7732
7734
7735
7737
7741
7744
7747
7752
7766
7771
7782
7786
7794
7798
7806
7813
7814
7833
7834
7837
7865
7868
7869
7882
7884
7885
7899
7908
7909
7911
7912
7914
7920
7924
7940
7947
7950
7953
7958
7972
7978
7980
7982
7985
7987
7998
8006
8010
8014
8021
8022
8056
8058
8073
8088
8123
8136
8138
8141
8142
8146
8151
8160
8161
8163
8166
8168
8179
8180
8184
8192
8196
8205
8220
8229
8234
8269
8270
8271
8272
8276
8279
8295
8299
8304
8309
8310
8311
8313
8316
8317
8323
8326
8332
8339
8352
8354
8355
8356
8358
8368
8375
8376
8378
8400
8402
8403
8421
8423
8439
8443
8446
8457
8488
8495
8501
8507
8513
8520
8523
8541
8555
8557
8571
8573
8591
8593
8594
8602
8609
8621
8631
8641
8653
8656
8657
8667
8672
8673
8676
8682
8687
8699
8700
8711
8714
8716
8730
8736
8739
8740
8746
8747
8753
8770
8775
8783
8790
8793
8800
8816
8822
8838
8839
8841
8848
8850
8856
8859
8864
8873
8874
8886
8893
8905
8910
8911
8912
8919
8922
8927
8929
8938
8952
8975
9001
9013
9023
9043
9047
9053
9057
9062
9063
9068
9080
9090
9100
9104
9107
9111
9128
9130
9160
9170
9187
9194
9207
9209
9214
9217
9227
9229
9233
9235
9247
9272
9274
9277
9287
9300
9303
9307
9312
9314
9319
9323
9325
9335
9352
9353
9356
9367
9372
9373
9376
9383
9387
9394
9400
9405
9408
9462
9464
9467
9475
9483
9498
9506
9511
9520
9526
9528
9568
9573
9574
9583
9594
9608
9610
9613
9620
9624
9632
9636
9639
9641
9643
9647
9648
9659
9663
9666
9682
9692
9694
9697
9709
9716
9732
9734
9736
9766
9783
9784
9788
9810
9811
9812
9822
9829
9836
9844
9846
9870
9876
9886
9891
9892
9899
9908
9915
9926
9968
9970
9977
9982
9991
10006
10017
10022
10025
10036
10041
10044
10045
10047
10052
10059
10067
10074
10080
10105
10108
10114
10115
10119
10124
10136
10147
10154
10158
10166
10176
10178
10181
10185
10202
10209
10212
10217
10230
10249
10261
10263
10266
10282
10283
10293
10295
10296
10305
10312
10317
10318
10319
10339
10349
10358
10361
10367
10368
10384
10388
10395
10398
10404
10408
10410
10420
10427
10428
10436
10465
10467
10470
10472
10479
10484
10512
10513
10526
10530
10538
10552
10557
10567
10569
10585
10602
10609
10628
10637
10639
10645
10653
10675
10678
10706
10709
10725
10726
10728
10734
10757
10758
10759
10762
10769
10774
10802
10804
10809
10820
10839
10841
10851
10853
10857
10861
10874
10883
10909
10911
10914
10917
10918
10920
10943
10950
10967
10977
10986
10991
10994
10995
10996
11017
11019
11039
11063
11070
11071
11081
11083
11096
11102
11104
11105
11110
11119
11122
11131
11134
11138
11140
11145
11147
11155
11156
11164
11173
11174
11175
11178
11181
11183
11190
11194
11200
11203
11213
11219
11228
11239
11243
11252
11253
11279
11287
11300
11326
11327
11331
11332
11343
11348
11357
11366
11372
11373
11384
11386
11388
11389
11412
11419
11431
11437
11445
11448
11449
11453
11461
11464
11477
11484
11487
11493
11496
11518
11525
11528
11544
11546
11554
11556
11570
11573
11578
11581
11586
11589
11595
11597
11602
11614
11621
11637
11639
11650
11651
11673
11674
11688
11699
11740
11745
11747
11749
11753
11756
11782
11787
11800
11801
11802
11815
11827
11838
11840
11846
11847
11849
11856
11864
11869
11872
11878
11887
11907
11913
11914
11936
11938
11948
11955
11968
11969
11976
12009
12014
12015
12018
12019
12020
12021
12039
12041
12066
12070
12073
12081
12084
12085
12096
12111
12132
12136
12146
12147
12150
12158
12162
12166
12174
12183
12184
12197
12206
12214
12215
12228
12233
12235
12242
12246
12247
12250
12259
12267
12271
12273
12276
12282
12291
12298
12302
12317
12323
12329
12331
12334
12339
12341
12345
12357
12363
12372
12373
12398
12411
12418
12420
12423
12435
12450
12464
12468
12482
12486
12492
12493
12495
12506
12511
12517
12521
12529
12533
12537
12538
12546
12547
12562
12571
12580
12593
12617
12622
12625
12636
12645
12647
12656
12658
12661
12690
12693
12697
12709
12712
12713
12714
12716
12718
12728
12731
12732
12733
12744
12761
12765
12766
12768
12771
12774
12778
12781
12796
12814
12815
12821
12836
12837
12842
12845
12848
12855
12857
12862
12868
12875
12877
12889
12893
12898
12899
12903
12918
12921
12925
12937
12941
12947
12962
12964
12986
12995
12999
13001
13004
13005
13009
13014
13019
13031
13035
13036
13039
13040
13051
13061
13062
13065
13067
13077
13083
13088
13091
13094
13111
13119
13122
13125
13127
13137
13138
13147
13149
13151
13155
13158
13171
13176
13179
13193
13194
13202
13211
13218
13226
13227
13228
13231
13235
13244
13246
13252
13261
13274
13280
13296
13299
13310
13320
13321
13327
13338
13340
13341
13351
13368
13369
13380
13383
13387
13402
13405
13412
13417
13424
13440
13443
13445
13447
13465
13467
13469
13471
13494
13502
13509
13535
13540
13544
13565
13568
13573
13574
13579
13589
13605
13610
13622
13630
13636
13637
13638
13649
13668
13673
13677
13685
13695
13696
13698
13699
13700
13706
13713
13714
13715
13717
13718
13725
13727
13742
13745
13771
13772
13775
13780
13787
13789
13791
13794
13797
13806
13808
13816
13817
13823
13846
13847
13859
13865
13867
13869
13870
13878
13898
13906
13918
13920
13921
13923
13934
13940
13946
13956
13958
13961
13969
13977
13994
14045
14051
14057
14076
14081
14082
14083
14087
14088
14097
14101
14108
14117
14123
14131
14140
14141
14157
14158
14168
14177
14188
14191
14196
14197
14200
14204
14207
14210
14221
14222
14227
14237
14242
14243
14254
14278
14280
14293
14315
14319
14320
14322
14329
14331
14335
14339
14360
14364
14377
14379
14401
14402
14408
14409
14410
14419
14426
14431
14433
14457
14464
14480
14481
14484
14490
14495
14517
14525
14529
14535
14541
14555
14568
14569
14588
14590
14593
14595
14606
14607
14609
14613
14615
14622
14632
14637
14643
14648
14654
14656
14657
14663
14685
14686
14719
14730
14743
14748
14750
14755
14768
14781
14784
14786
14791
14800
14830
14845
14849
14859
14868
14891
14894
14897
14901
14903
14917
14924
14940
14941
14956
14971
14973
14974
14979
14990
14996
14997
14998
15005
15007
15014
15016
15018
15021
15024
15028
15046
15048
15064
15067
15072
15074
15081
15091
15097
15116
15119
15120
15121
15127
15129
15133
15137
15145
15152
15154
15157
15158
15163
15169
15172
15183
15202
15203
15208
15210
15233
15236
15244
15253
15268
15272
15275
15277
15284
15292
15295
15307
15311
15313
15318
15320
15327
15333
15356
15358
15363
15368
15374
15376
15386
15394
15395
15396
15403
15404
15411
15412
15415
15420
15423
15428
15429
15432
15437
15439
15450
15459
15463
15471
15473
15478
15483
15485
15486
15491
15494
15506
15507
15509
15511
15522
15538
15551
15569
15571
15574
15575
15578
15583
15587
15594
15596
15599
15608
15610
15611
15614
15621
15628
15631
15632
15637
15640
15641
15647
15650
15657
15658
15660
15667
15668
15685
15687
15693
15702
15703
15706
15709
15716
15722
15723
15737
15747
15763
15764
15765
15774
15778
15781
15783
15786
15788
15792
15794
15799
15802
15803
15806
15807
15809
15814
15825
15826
15827
15837
15844
15851
15854
15868
15870
15879
15909
15910
15917
15926
15932
15933
15935
15940
15942
15943
15948
15957
15960
15975
15981
15986
15995
15997
16014
16023
16026
16037
16039
16046
16047
16056
16065
16066
16068
16069
16071
16073
16074
16084
16095
16098
16107
16110
16128
16131
16146
16149
16157
16166
16170
16177
16187
16188
16192
16196
16203
16207
16212
16219
16221
16226
16227
16233
16245
16247
16249
16250
16254
16260
16262
16263
16265
16268
16276
16278
16279
16287
16289
16293
16294
16298
16300
16301
16313
16314
16316
16324
16333
16364
16366
16367
16376
16377
16379
16382
16393
16396
16405
16416
16424
16432
16443
16447
16448
16449
16454
16460
16477
16494
16501
16508
16511
16513
16516
16522
16524
16526
16554
16563
16574
16580
16584
16591
16593
16611
16626
16627
16628
16633
16638
16648
16649
16663
16665
16666
16668
16672
16677
16680
16684
16692
16696
16697
16698
16709
16710
16717
16734
16752
16763
16775
16780
16783
16784
16785
16795
16801
16813
16815
16821
16825
16829
16831
16835
16853
16861
16862
16863
16865
16874
16876
16881
16882
16884
16887
16888
16895
16896
16900
16918
16925
16934
16939
16943
16945
16960
16965
16966
16969
16972
16977
16978
16986
16995
16998
17000
17002
17006
17008
17009
17014
17019
17023
17031
17033
17034
17051
17052
17054
17060
17071
17073
17092
17103
17109
17110
17131
17135
17146
17153
17158
17161
17165
17174
17183
17184
17192
17199
17200
17215
17222
17229
17235
17250
17253
17255
17258
17264
17287
17290
17308
17312
17327
17330
17338
17339
17342
17353
17355
17360
17364
17368
17370
17374
17375
17380
17391
17403
17404
17416
17417
17423
17431
17436
17445
17448
17454
17461
17472
17482
17498
17512
17524
17525
17526
17528
17535
17538
17540
17544
17553
17558
17564
17565
17567
17568
17576
17582
17585
17589
17591
17597
17598
17613
17620
17622
17625
17631
17646
17647
17651
17652
17655
17656
17664
17676
17689
17695
17701
17704
17717
17722
17726
17729
17735
17742
17747
17750
17760
17783
17785
17802
17812
17815
17816
17826
17827
17830
17833
17837
17840
17847
17849
17857
17860
17865
17872
17877
17894
17908
17912
17914
17931
17954
17959
17969
17976
17983
17990
17994
17997
18001
18015
18019
18023
18026
18034
18035
18036
18039
18047
18056
18058
18061
18070
18071
18076
18085
18094
18096
18097
18099
18104
18108
18112
18124
18127
18132
18139
18142
18149
18150
18157
18158
18166
18173
18180
18182
18183
18198
18208
18227
18228
18231
18233
18240
18243
18251
18252
18256
18264
18289
18291
18299
18306
18310
18311
18319
18330
18338
18342
18346
18349
18350
18356
18360
18368
18369
18371
18375
18417
18422
18429
18431
18432
18440
18443
18444
18447
18455
18467
18472
18474
18476
18487
18500
18502
18505
18514
18527
18540
18541
18549
18550
18567
18570
18578
18590
18591
18596
18599
18603
18606
18607
18610
18619
18622
18669
18670
18673
18697
18698
18706
18710
18711
18725
18737
18752
18759
18761
18762
18766
18767
18774
18775
18778
18779
18816
18842
18846
18849
18852
18853
18859
18863
18885
18903
18905
18911
18917
18921
18922
18925
18926
18939
18940
18941
18947
18948
18955
18962
18965
18969
18974
18983
18984
18986
18990
18993
18995
18997
19004
19007
19012
19016
19020
19034
19035
19036
19048
19055
19064
19076
19087
19104
19112
19115
19119
19120
19124
19128
19131
19132
19143
19157
19160
19162
19174
19184
19188
19189
19194
19197
19205
19209
19213
19218
19228
19234
19235
19256
19257
19263
19272
19281
19290
19292
19302
19303
19310
19312
19324
19352
19355
19372
19373
19376
19379
19388
19390
19397
19400
19409
19412
19419
19443
19453
19455
19463
19465
19466
19476
19478
19490
19495
19496
19502
19504
19509
19517
19518
19521
19533
19534
19563
19566
19576
19586
19588
19610
19619
19620
19621
19622
19626
19638
19641
19647
19672
19696
19699
19708
19710
19724
19733
19735
19759
19772
19786
19788
19790
19791
19792
19793
19795
19818
19819
19823
19833
19840
19854
19861
19863
19866
19877
19885
19928
19931
19935
19937
19952
19957
19961
19966
19969
19973
19980
19994
19996
20008
20015
20023
20035
20047
20055
20069
20073
20092
20095
20101
20111
20122
20124
20134
20154
20155
20183
20195
20205
20207
20210
20212
20215
20225
20241
20247
20259
20264
20265
20267
20279
20286
20291
20298
20303
20312
20319
20320
20326
20328
20329
20347
20351
20369
20370
20374
20383
20386
20387
20389
20391
20394
20399
20402
20407
20419
20431
20441
20451
20456
20463
20486
20499
20506
20515
20523
20524
20531
20532
20536
20569
20574
20579
20581
20590
20593
20613
20624
20635
20649
20656
20668
20698
20711
20713
20716
20727
20728
20751
20754
20763
20791
20796
20800
20807
20811
20812
20829
20845
20859
20880
20890
20906
20912
20915
20923
20930
20931
20935
20942
20943
20947
20954
20962
20969
20971
20994
20995
21008
21011
21018
21021
21032
21054
21068
21079
21081
21086
21092
21104
21117
21119
21123
21126
21129
21134
21135
21140
21144
21153
21166
21180
21182
21187
21195
21203
21215
21225
21226
21231
21251
21261
21265
21281
21284
21285
21290
21300
21307
21308
21324
21329
21331
21348
21353
21361
21368
21389
21393
21411
21432
21433
21434
21438
21446
21450
21471
21473
21478
21490
21492
21493
21499
21503
21517
21518
21536
21540
21546
21547
21559
21567
21601
21604
21606
21616
21622
21623
21631
21654
21678
21682
21693
21695
21698
21701
21710
21719
21727
21735
21742
21762
21770
21771
21777
21781
21797
21801
21802
21804
21809
21814
21820
21835
21839
21846
21850
21852
21862
21866
21874
21878
21881
21887
21897
21909
21911
21915
21916
21921
21931
21933
21937
21941
21951
21957
21964
21967
21971
21974
21992
21993
22015
22018
22020
22021
22032
22033
22037
22047
22057
22062
22066
22070
22072
22080
22097
22099
22116
22124
22127
22135
22138
22147
22148
22150
22156
22161
22168
22170
22187
22196
22199
22208
22225
22236
22239
22240
22258
22265
22281
22282
22304
22318
22325
22331
22334
22347
22355
22358
22361
22374
22377
22392
22397
22405
22414
22421
22426
22435
22442
22447
22448
22453
22458
22461
22462
22465
22469
22470
22479
22481
22498
22507
22508
22511
22522
22523
22528
22530
22532
22536
22544
22547
22552
22555
22567
22568
22569
22570
22575
22581
22583
22588
22606
22620
22628
22633
22650
22689
22704
22709
22723
22728
22740
22751
22752
22761
22763
22767
22775
22782
22783
22789
22812
22833
22839
22848
22857
22863
22865
22866
22899
22902
22903
22906
22907
22912
22913
22924
22926
22936
22939
22946
22951
22955
22956
22960
22984
22985
22989
23000
23005
23006
23008
23012
23018
23032
23038
23045
23054
23070
23074
23083
23086
23094
23099
23103
23105
23112
23114
23123
23128
23131
23132
23135
23148
23159
23165
23173
23176
23181
23184
23185
23186
23189
23197
23199
23210
23221
23224
23233
23238
23240
23241
23247
23254
23259
23262
23277
23289
23292
23300
23305
23312
23315
23319
23321
23339
23352
23365
23369
23377
23384
23388
23394
23395
23396
23403
23404
23408
23411
23416
23419
23420
23431
23442
23455
23461
23476
23487
23497
23499
23509
23516
23524
23527
23536
23538
23568
23569
23574
23583
23584
23585
23586
23588
23589
23592
23605
23616
23619
23621
23622
23626
23637
23639
23640
23641
23644
23646
23651
23657
23663
23667
23668
23677
23681
23686
23697
23704
23706
23719
23737
23747
23757
23763
23776
23777
23783
23787
23791
23792
23798
23799
23800
23812
23820
23827
23839
23847
23852
23855
23859
23867
23869
23874
23877
23881
23885
23894
23901
23902
23914
23930
23937
23938
23939
23954
23955
23961
23963
23972
23975
23976
23980
23986
23993
23995
23997
24005
24011
24014
24037
24039
24044
24050
24054
24066
24068
24072
24089
24090
24095
24097
24103
24104
24110
24112
24116
24119
24125
24127
24129
24132
24144
24147
24148
24157
24158
24164
24170
24181
24184
24189
24191
24192
24193
24194
24207
24219
24221
24231
24242
24259
24270
24284
24288
24300
24303
24307
24310
24323
24325
24330
24343
24362
24364
24368
24374
24378
24382
24387
24391
24396
24399
24405
24410
24421
24429
24432
24435
24439
24440
24448
24456
24458
24462
24470
24472
24473
24487
24489
24496
24498
24501
24507
24558
24565
24574
24578
24583
24585
24600
24605
24606
24623
24631
24643
24648
24655
24659
24661
24672
24674
24685
24702
24707
24711
24713
24727
24729
24730
24734
24735
24741
24743
24744
24756
24770
24776
24777
24782
24789
24794
24795
24798
24806
24808
24817
24833
24836
24841
24843
24847
24848
24874
24879
24882
24894
24895
24896
24913
24919
24921
24927
24931
24933
24939
24948
24950
24951
24953
24963
24980
24985
24998
