1
7
11
12
16
26
32
37
39
41
50
51
55
67
70
81
92
95
100
104
105
110
152
153
155
165
168
176
177
181
192
209
210
212
214
222
226
228
230
238
239
243
244
251
260
263
264
271
273
274
279
283
289
312
313
323
332
333
334
338
342
346
354
359
361
363
375
383
386
389
390
392
394
397
398
404
407
415
420
421
424
433
435
465
472
474
483
487
495
498
503
507
508
511
512
517
524
526
529
536
542
543
545
547
555
556
563
566
567
570
571
572
586
591
592
593
595
599
603
604
607
610
620
623
626
630
633
635
636
638
640
642
644
648
652
654
660
666
668
670
672
675
680
683
684
686
692
693
701
707
709
715
719
721
725
728
733
735
737
744
753
756
758
761
765
774
777
786
789
790
791
793
802
804
805
806
809
810
813
819
821
822
830
835
837
838
839
840
841
848
852
854
856
858
861
862
864
868
873
874
875
877
881
884
890
892
896
897
898
899
901
903
906
907
908
918
924
930
938
939
941
943
945
946
947
948
954
955
956
958
959
965
971
972
973
975
976
979
981
994
997
1003
1006
1010
1015
1016
1019
1020
1022
1023
1025
1026
1029
1036
1043
1058
1059
1063
1064
1068
1071
1074
1076
1080
1084
1092
1107
1133
1156
1158
1173
1180
1181
1183
1185
1189
1193
1195
1196
1197
1200
1205
1223
1226
1229
1230
1233
1236
1238
1250
1254
1255
1259
1265
1266
1270
1272
1274
1277
1280
1285
1288
1294
1299
1300
1310
1315
1323
1326
1327
1332
1336
1346
1348
1359
1360
1363
1367
1368
1369
1372
1376
1378
1382
1391
1392
1394
1395
1401
1402
1403
1405
1406
1407
1409
1418
1421
1423
1427
1430
1431
1435
1447
1453
1455
1476
1479
1480
1485
1490
1494
1501
1504
1517
1518
1519
1520
1523
1524
1525
1528
1532
1533
1535
1538
1540
1553
1558
1563
1569
1570
1571
1573
1575
1576
1577
1579
1585
1587
1593
1599
1606
1609
1615
1616
1621
1624
1625
1627
1635
1655
1659
1662
1663
1666
1668
1671
1675
1677
1688
1691
1693
1702
1704
1708
1710
1713
1725
1732
1743
1750
1752
1774
1776
1777
1785
1788
1789
1790
1791
1798
1804
1813
1818
1821
1829
1833
1836
1841
1844
1851
1852
1853
1855
1856
1858
1870
1875
1876
1879
1891
1895
1896
1897
1900
1902
1903
1905
1907
1908
1910
1917
1928
1931
1934
1935
1938
1949
1954
1955
1959
1970
1971
1982
1991
1993
2000
2001
2002
2010
2024
2025
2026
2030
2033
2036
2038
2042
2043
2044
2049
2051
2056
2058
2061
2064
2065
2073
2074
2082
2083
2087
2090
2095
2099
2101
2104
2106
2115
2122
2128
2135
2140
2145
2146
2153
2155
2157
2162
2168
2169
2179
2182
2191
2197
2200
2207
2215
2219
2220
2233
2237
2238
2242
2246
2248
2249
2251
2253
2254
2266
2268
2273
2275
2285
2289
2290
2291
2298
2307
2319
2326
2331
2340
2344
2345
2346
2347
2350
2358
2361
2363
2364
2370
2372
2375
2384
2389
2391
2392
2394
2395
2397
2398
2401
2408
2409
2411
2415
2420
2427
2428
2432
2434
2437
2446
2448
2451
2456
2467
2469
2471
2476
2477
2480
2483
2493
2501
2502
2505
2506
2507
2508
2513
2514
2515
2524
2536
2537
2543
2546
2553
2559
2560
2563
2568
2569
2574
2575
2577
2579
2585
2587
2588
2598
2602
2606
2614
2619
2623
2625
2627
2628
2632
2635
2636
2646
2652
2658
2663
2664
2665
2667
2669
2671
2672
2673
2674
2675
2678
2682
2689
2690
2691
2693
2695
2696
2697
2699
2704
2709
2711
2712
2715
2724
2725
2732
2733
2737
2739
2741
2743
2744
2747
2755
2762
2765
2781
2783
2784
2786
2787
2788
2789
2790
2791
2792
2793
2795
2802
2803
2805
2811
2813
2814
2822
2824
2827
2833
2841
2848
2857
2859
2864
2869
2871
2872
2873
2876
2882
2884
2885
2898
2903
2907
2909
2916
2918
2924
2925
2926
2927
2928
2930
2931
2936
2940
2941
2943
2947
2948
2950
2951
2952
2955
2956
2958
2959
2965
2967
2970
2971
2976
2983
2989
2997
3001
3004
3007
3018
3019
3020
3022
3023
3024
3034
3036
3037
3038
3045
3050
3054
3059
3061
3064
3065
3071
3077
3078
3080
3086
3093
3096
3097
3098
3100
3102
3103
3108
3110
3113
3122
3125
3127
3128
3136
3142
3143
3147
3153
3157
3169
3170
3171
3177
3180
3184
3186
3189
3195
3199
3208
3209
3212
3213
3216
3224
3236
3240
3244
3254
3256
3257
3259
3265
3267
3268
3269
3270
3271
3284
3294
3301
3312
3313
3314
3320
3321
3325
3335
3336
3339
3340
3342
3349
3354
3362
3364
3367
3368
3371
3374
3376
3378
3380
3383
3385
3389
3394
3396
3398
3400
3403
3404
3405
3406
3407
3411
3412
3414
3418
3420
3421
3422
3427
3428
3431
3434
3435
3436
3437
3440
3443
3445
3447
3450
3455
3458
3459
3465
3467
3476
3477
3482
3485
3491
3495
3501
3503
3504
3520
3524
3529
3531
3534
3543
3549
3550
3552
3554
3573
3579
3582
3583
3601
3604
3606
3620
3622
3624
3625
3629
3631
3639
3640
3641
3643
3647
3649
3653
3660
3663
3673
3676
3682
3683
3688
3691
3693
3695
3697
3700
3706
3709
3710
3713
3729
3740
3750
3752
3761
3766
3767
3769
3783
3784
3787
3788
3794
3798
3799
3803
3804
3805
3809
3810
3812
3815
3818
3820
3821
3822
3823
3824
3825
3835
3838
3846
3848
3849
3856
3858
3862
3866
3868
3873
3878
3884
3891
3894
3911
3913
3915
3919
3923
3931
3932
3933
3934
3937
3938
3940
3946
3952
3959
3965
3966
3967
3973
3978
3979
3986
3988
3993
3994
3995
3996
4002
4003
4007
4012
4013
4015
4016
4017
4018
4019
4020
4024
4025
4028
4029
4030
4038
4044
4046
4048
4049
4050
4052
4053
4055
4057
4066
4069
4071
4077
4080
4085
4092
4093
4094
4104
4106
4111
4114
4116
4122
4126
4130
4134
4135
4136
4143
4153
4164
4166
4170
4173
4174
4176
4177
4178
4192
4195
4196
4198
4201
4202
4204
4207
4214
4218
4219
4221
4223
4226
4227
4240
4243
4244
4248
4252
4254
4256
4265
4266
4267
4270
4276
4279
4282
4284
4289
4290
4294
4298
4300
4308
4309
4315
4317
4319
4323
4330
4338
4341
4342
4343
4348
4352
4354
4355
4364
4367
4377
4378
4386
4391
4393
4398
4402
4407
4409
4415
4416
4424
4429
4431
4432
4435
4437
4439
4440
4444
4448
4450
4453
4454
4455
4457
4458
4459
4465
4474
4475
4476
4478
4484
4487
4500
4503
4506
4510
4511
4515
4518
4520
4521
4522
4524
4525
4526
4528
4529
4530
4535
4536
4546
4549
4558
4563
4565
4568
4575
4578
4581
4583
4593
4598
4601
4604
4608
4625
4626
4629
4634
4636
4644
4645
4646
4647
4651
4661
4666
4668
4670
4674
4675
4676
4678
4681
4686
4710
4723
4724
4725
4744
4745
4755
4764
4774
4779
4789
4790
4795
4804
4805
4806
4809
4811
4812
4820
4823
4830
4833
4841
4850
4855
4857
4859
4860
4862
4872
4876
4877
4878
4881
4884
4888
4893
4896
4898
4901
4909
4910
4911
4912
4913
4916
4924
4926
4928
4929
4932
4936
4944
4947
4948
4954
4956
4959
4961
4962
4966
4972
4980
4989
4992
4994
4996
4998
5011
5013
5014
5019
5020
5022
5027
5030
5033
5046
5049
5052
5060
5062
5066
5072
5077
5084
5088
5090
5092
5096
5101
5103
5106
5114
5118
5125
5128
5136
5142
5143
5146
5148
5149
5150
5159
5164
5172
5179
5180
5183
5184
5191
5199
5207
5209
5226
5230
5233
5235
5236
5238
5240
5250
5251
5256
5261
5264
5266
5269
5270
5274
5279
5285
5290
5294
5297
5301
5305
5309
5310
5312
5318
5322
5336
5337
5346
5355
5356
5358
5360
5361
5363
5366
5368
5370
5371
5374
5377
5380
5387
5396
5398
5412
5413
5414
5417
5419
5421
5423
5436
5438
5439
5449
5450
5461
5462
5467
5480
5482
5484
5486
5489
5493
5494
5502
5503
5504
5506
5511
5517
5527
5530
5540
5549
5560
5564
5566
5571
5577
5578
5579
5581
5586
5588
5592
5599
5603
5606
5608
5611
5612
5613
5614
5620
5628
5634
5638
5642
5643
5647
5650
5651
5661
5667
5669
5679
5686
5687
5688
5694
5701
5707
5710
5711
5715
5719
5729
5738
5739
5740
5743
5744
5751
5759
5765
5767
5773
5777
5781
5785
5787
5803
5805
5808
5809
5814
5817
5818
5819
5824
5827
5828
5832
5836
5837
5845
5850
5853
5860
5865
5874
5877
5878
5879
5884
5885
5890
5891
5894
5896
5901
5905
5919
5927
5928
5932
5950
5966
5968
5969
5970
5984
5985
5991
5993
5998
6000
6009
6015
6024
6025
6029
6035
6042
6043
6054
6062
6071
6072
6078
6081
6083
6084
6100
6104
6106
6111
6113
6119
6121
6125
6128
6130
6131
6150
6152
6153
6154
6158
6163
6171
6178
6181
6183
6189
6191
6194
6195
6198
6199
6200
6202
6208
6214
6223
6224
6228
6229
6237
6249
6251
6252
6253
6255
6263
6265
6274
6278
6283
6291
6293
6295
6297
6298
6303
6304
6310
6311
6312
6315
6318
6319
6327
6328
6330
6332
6337
6339
6340
6343
6345
6348
6349
6352
6353
6355
6360
6362
6367
6376
6382
6404
6407
6417
6420
6421
6427
6428
6432
6433
6439
6449
6451
6456
6458
6466
6475
6476
6479
6481
6482
6483
6491
6494
6495
6498
6499
6500
6502
6506
6511
6514
6517
6519
6521
6524
6527
6541
6543
6548
6549
6551
6554
6555
6562
6564
6566
6573
6580
6581
6584
6593
6594
6606
6610
6623
6627
6633
6642
6644
6649
6650
6664
6666
6673
6679
6681
6686
6689
6700
6701
6706
6710
6714
6717
6722
6724
6729
6732
6738
6740
6746
6747
6751
6780
6782
6791
6793
6795
6797
6800
6802
6805
6821
6825
6831
6834
6835
6836
6838
6841
6843
6845
6846
6847
6849
6850
6851
6855
6861
6864
6865
6867
6869
6876
6877
6878
6888
6901
6907
6915
6919
6923
6927
6933
6935
6936
6940
6942
6945
6957
6958
6962
6964
6966
6967
6970
6975
6978
6981
6990
6992
6995
6997
7015
7019
7021
7022
7034
7035
7038
7040
7042
7048
7049
7050
7054
7065
7067
7072
7077
7081
7082
7084
7085
7086
7089
7097
7105
7112
7120
7121
7134
7135
7143
7150
7154
7163
7166
7180
7185
7187
7189
7190
7194
7202
7203
7208
7209
7219
7229
7231
7235
7237
7241
7246
7250
7253
7254
7255
7256
7262
7266
7268
7272
7277
7280
7282
7301
7308
7309
7314
7315
7316
7321
7331
7332
7335
7336
7339
7341
7342
7353
7355
7358
7363
7365
7366
7371
7375
7378
7379
7382
7385
7388
7389
7392
7393
7394
7395
7398
7402
7419
7420
7421
7424
7426
7427
7432
7437
7442
7445
7446
7447
7450
7454
7462
7471
7476
7479
7480
7486
7487
7490
7498
7500
7506
7509
7511
7516
7517
7518
7519
7525
7527
7535
7537
7551
7553
7557
7569
7574
7575
7580
7583
7584
7591
7600
7602
7604
7607
7609
7612
7617
7620
7625
7627
7634
7635
7642
7644
7647
7650
7652
7656
7657
7664
7668
7679
7683
7688
7692
7693
7696
7697
7710
7720
7721
7723
7728
7730
7731
7733
7736
7742
7749
7760
7762
7770
7772
7774
7776
7785
7793
7803
7815
7823
7824
7826
7830
7834
7844
7845
7851
7852
7853
7861
7870
7871
7879
7881
7882
7891
7912
7913
7914
7917
7919
7922
7925
7928
7932
7934
7937
7949
7952
7969
7971
7973
7977
7978
7979
7990
7991
7995
8001
8006
8011
8013
8018
8035
8046
8057
8061
8062
8068
8076
8089
8090
8091
8092
8093
8097
8101
8118
8121
8122
8128
8133
8144
8148
8150
8154
8156
8160
8162
8163
8164
8165
8174
8175
8177
8178
8180
8186
8188
8189
8195
8199
8201
8204
8206
8208
8217
8223
8224
8227
8230
8238
8240
8249
8255
8256
8257
8259
8263
8271
8273
8274
8276
8277
8279
8283
8290
8296
8297
8301
8304
8305
8314
8316
8319
8322
8327
8328
8333
8339
8340
8342
8345
8351
8352
8353
8366
8368
8371
8373
8374
8384
8391
8393
8396
8397
8400
8402
8408
8413
8428
8431
8438
8440
8442
8443
8444
8452
8453
8456
8462
8464
8470
8478
8479
8492
8494
8497
8498
8507
8520
8534
8539
8541
8548
8550
8562
8566
8581
8586
8593
8595
8596
8598
8600
8604
8607
8608
8610
8613
8617
8625
8627
8629
8633
8634
8635
8639
8650
8652
8654
8658
8663
8666
8670
8671
8677
8678
8694
8698
8706
8708
8717
8720
8725
8731
8733
8737
8742
8748
8752
8768
8774
8776
8777
8784
8786
8787
8789
8791
8793
8797
8807
8818
8819
8820
8824
8832
8851
8857
8858
8859
8867
8868
8871
8872
8874
8875
8876
8887
8888
8891
8894
8896
8897
8898
8903
8915
8925
8926
8927
8928
8930
8931
8933
8934
8936
8937
8938
8939
8943
8944
8951
8954
8955
8956
8963
8966
8967
8970
8986
8988
8992
8993
8995
9009
9010
9012
9016
9018
9022
9029
9042
9044
9046
9064
9073
9077
9089
9090
9094
9095
9103
9110
9114
9117
9125
9132
9133
9134
9148
9150
9152
9153
9155
9158
9160
9161
9168
9169
9174
9175
9178
9183
9198
9204
9208
9210
9212
9216
9218
9220
9223
9224
9225
9236
9237
9239
9242
9244
9251
9255
9264
9265
9268
9272
9280
9281
9283
9286
9288
9291
9292
9296
9300
9305
9308
9320
9326
9328
9335
9338
9350
9352
9353
9358
9368
9369
9370
9382
9383
9391
9400
9414
9415
9416
9420
9427
9432
9437
9439
9440
9443
9449
9456
9458
9463
9464
9470
9471
9475
9484
9487
9488
9500
9506
9508
9509
9512
9513
9515
9516
9519
9527
9536
9544
9547
9550
9552
9560
9565
9566
9570
9573
9579
9584
9585
9589
9595
9598
9599
9600
9601
9614
9618
9623
9625
9626
9628
9629
9649
9652
9653
9654
9660
9662
9664
9675
9676
9681
9683
9684
9688
9692
9695
9697
9701
9707
9710
9712
9713
9714
9723
9726
9729
9733
9734
9735
9736
9747
9749
9753
9759
9760
9761
9764
9780
9781
9792
9793
9794
9797
9800
9802
9807
9809
9814
9815
9830
9833
9835
9841
9844
9847
9858
9859
9862
9868
9873
9877
9879
9881
9884
9886
9892
9900
9903
9909
9911
9914
9918
9924
9925
9927
9930
9935
9937
9938
9942
9944
9948
9952
9959
9960
9963
9969
9981
9983
9986
9988
9989
9998
10004
10006
10008
10009
10011
10012
10016
10017
10018
10019
10020
10024
10027
10029
10033
10034
10043
10050
10051
10053
10056
10064
10065
10066
10069
10071
10072
10087
10091
10092
10093
10108
10111
10125
10126
10127
10132
10134
10135
10146
10153
10158
10161
10162
10164
10167
10173
10174
10179
10182
10184
10188
10189
10194
10195
10213
10215
10216
10217
10219
10220
10223
10227
10231
10232
10233
10234
10235
10244
10246
10253
10255
10270
10273
10274
10276
10279
10280
10284
10286
10288
10289
10291
10298
10316
10320
10330
10341
10342
10343
10345
10352
10354
10355
10356
10357
10359
10360
10363
10367
10369
10373
10375
10377
10385
10387
10392
10396
10397
10402
10403
10409
10410
10413
10415
10419
10424
10430
10431
10432
10433
10439
10442
10451
10453
10455
10463
10472
10482
10489
10498
10499
10503
10505
10511
10517
10522
10525
10528
10530
10533
10534
10540
10541
10545
10546
10548
10550
10564
10565
10575
10576
10578
10580
10582
10583
10585
10588
10592
10595
10603
10604
10605
10606
10607
10608
10613
10618
10629
10631
10634
10657
10658
10661
10662
10663
10667
10669
10671
10676
10683
10690
10697
10712
10714
10717
10727
10728
10730
10735
10736
10737
10741
10745
10746
10747
10749
10750
10752
10756
10763
10772
10773
10779
10782
10785
10792
10799
10800
10802
10803
10804
10806
10813
10816
10822
10831
10832
10834
10847
10849
10865
10868
10873
10875
10879
10881
10884
10893
10894
10901
10904
10910
10914
10922
10926
10930
10932
10936
10937
10938
10944
10948
10951
10957
10965
10978
10979
10985
10989
10993
10995
11002
11008
11009
11010
11014
11018
11020
11023
11024
11026
11028
11037
11039
11040
11043
11046
11047
11055
11056
11058
11059
11070
11072
11076
11078
11081
11082
11084
11085
11086
11087
11091
11098
11099
11109
11114
11115
11123
11127
11128
11131
11132
11133
11138
11140
11141
11142
11147
11154
11157
11161
11162
11163
11164
11166
11167
11169
11173
11174
11179
11184
11192
11198
11200
11201
11202
11206
11207
11209
11218
11221
11222
11227
11229
11233
11236
11240
11242
11248
11250
11255
11256
11258
11260
11264
11265
11268
11269
11272
11273
11279
11284
11286
11290
11293
11296
11297
11299
11301
11303
11312
11315
11316
11317
11335
11336
11341
11349
11352
11355
11364
11376
11383
11385
11387
11388
11397
11401
11405
11408
11409
11410
11414
11416
11417
11422
11427
11429
11450
11467
11468
11469
11472
11473
11480
11481
11482
11483
11485
11488
11491
11498
11499
11501
11502
11508
11511
11521
11527
11529
11536
11537
11538
11539
11547
11553
11555
11565
11571
11574
11580
11583
11587
11588
11590
11593
11599
11602
11604
11605
11612
11613
11619
11620
11623
11628
11629
11630
11631
11633
11638
11639
11642
11645
11647
11652
11653
11662
11666
11667
11672
11678
11681
11684
11685
11688
11689
11693
11694
11696
11700
11713
11715
11721
11722
11725
11730
11731
11733
11738
11742
11746
11754
11769
11771
11772
11774
11785
11788
11793
11795
11797
11804
11807
11811
11814
11823
11828
11830
11831
11833
11836
11842
11845
11847
11862
11871
11880
11881
11882
11884
11886
11894
11896
11897
11898
11899
11901
11902
11904
11905
11906
11908
11915
11918
11921
11926
11929
11932
11939
11940
11946
11952
11954
11957
11958
11959
11963
11964
11970
11973
11979
11981
11982
11984
11986
11987
11989
11992
11994
12000
12007
12017
12024
12026
12030
12031
12032
12037
12040
12043
12044
12045
12050
12058
12061
12065
12066
12068
12071
12073
12083
12087
12098
12104
12107
12109
12110
12113
12115
12126
12127
12131
12133
12136
12140
12141
12145
12147
12151
12152
12157
12159
12170
12171
12175
12178
12181
12182
12189
12194
12195
12198
12202
12210
12213
12218
12223
12225
12232
12234
12238
12244
12248
12260
12268
12279
12285
12288
12293
12295
12296
12300
12303
12312
12313
12325
12326
12328
12338
12344
12352
12356
12359
12360
12366
12367
12368
12370
12374
12375
12376
12379
12384
12387
12388
12393
12397
12400
12401
12403
12406
12407
12412
12415
12417
12420
12425
12426
12430
12432
12433
12439
12442
12449
12453
12456
12457
12473
12474
12476
12477
12478
12488
12494
12495
12497
12501
12503
12508
12509
12512
12520
12521
12522
12528
12531
12535
12540
12544
12545
12546
12548
12551
12555
12564
12572
12574
12579
12589
12591
12592
12598
12601
12607
12608
12609
12616
12621
12627
12630
12634
12638
12641
12642
12649
12655
12657
12666
12670
12671
12672
12673
12674
12676
12678
12680
12681
12686
12691
12692
12696
12699
12707
12720
12723
12727
12739
12742
12743
12745
12750
12755
12757
12762
12769
12775
12777
12795
12796
12798
12805
12809
12811
12832
12834
12840
12851
12864
12867
12871
12874
12878
12886
12887
12899
12900
12903
12904
12910
12914
12924
12928
12934
12935
12939
12945
12952
12953
12956
12959
12960
12964
12965
12973
12976
12983
12984
12991
12995
12998
13002
13008
13013
13014
13021
13027
13045
13047
13056
13057
13060
13063
13068
13070
13072
13074
13075
13076
13079
13084
13091
13098
13099
13102
13106
13107
13118
13119
13126
13129
13133
13134
13136
13142
13144
13145
13154
13162
13166
13167
13168
13169
13170
13172
13182
13184
13185
13191
13192
13196
13197
13201
13203
13207
13208
13209
13210
13212
13213
13214
13215
13218
13224
13229
13232
13234
13236
13237
13238
13239
13240
13249
13260
13264
13267
13268
13269
13275
13277
13281
13284
13285
13295
13302
13303
13308
13309
13312
13315
13318
13319
13324
13327
13330
13334
13346
13350
13352
13354
13357
13360
13375
13379
13382
13386
13387
13388
13389
13398
13400
13404
13407
13413
13415
13425
13431
13434
13435
13437
13438
13440
13441
13444
13449
13450
13454
13456
13458
13461
13465
13471
13472
13475
13477
13478
13481
13491
13493
13508
13510
13511
13512
13513
13514
13516
13520
13524
13525
13529
13530
13534
13543
13547
13560
13561
13563
13569
13572
13590
13604
13606
13613
13616
13624
13627
13629
13638
13644
13652
13653
13663
13664
13667
13672
13677
13678
13687
13688
13689
13691
13692
13695
13696
13698
13701
13705
13707
13712
13716
13722
13724
13725
13728
13732
13734
13735
13743
13745
13748
13750
13752
13753
13759
13760
13763
13768
13771
13777
13778
13779
13785
13792
13795
13800
13812
13813
13815
13820
13822
13824
13827
13831
13832
13833
13837
13838
13844
13845
13847
13850
13851
13852
13853
13858
13862
13864
13866
13867
13873
13884
13886
13890
13892
13893
13896
13902
13905
13911
13913
13917
13923
13926
13931
13932
13933
13934
13938
13941
13950
13952
13955
13966
13970
13971
13981
13983
13984
13987
13990
14001
14007
14013
14014
14016
14024
14030
14033
14039
14045
14052
14057
14068
14086
14093
14094
14096
14097
14100
14106
14112
14115
14121
14124
14126
14128
14130
14132
14135
14139
14142
14146
14155
14156
14158
14162
14168
14175
14176
14180
14181
14182
14183
14184
14185
14186
14190
14192
14194
14198
14200
14204
14205
14210
14211
14213
14214
14229
14233
14234
14239
14245
14249
14256
14262
14264
14267
14268
14269
14271
14274
14278
14282
14287
14289
14290
14292
14294
14295
14301
14302
14304
14307
14308
14309
14311
14316
14324
14325
14326
14327
14330
14333
14334
14340
14341
14349
14351
14352
14353
14355
14359
14360
14362
14363
14366
14375
14377
14378
14379
14391
14394
14395
14417
14420
14421
14422
14424
14426
14428
14433
14437
14438
14439
14443
14459
14467
14473
14474
14475
14476
14477
14478
14479
14482
14493
14502
14505
14507
14521
14524
14525
14528
14530
14533
14534
14536
14537
14539
14543
14544
14545
14551
14554
14558
14559
14560
14561
14562
14564
14565
14566
14575
14588
14590
14591
14592
14597
14603
14608
14618
14619
14622
14626
14631
14632
14639
14640
14644
14645
14646
14654
14661
14671
14677
14679
14687
14689
14691
14692
14701
14705
14706
14710
14711
14712
14718
14719
14723
14726
14732
14735
14742
14744
14745
14757
14758
14759
14761
14763
14764
14770
14772
14775
14777
14781
14782
14785
14787
14789
14796
14797
14804
14807
14818
14825
14826
14831
14832
14842
14843
14844
14857
14860
14873
14881
14882
14883
14885
14888
14895
14900
14908
14912
14913
14915
14921
14923
14925
14927
14929
14933
14938
14939
14946
14949
14951
14952
14953
14956
14962
14963
14964
14965
14970
14972
14977
14985
14986
14987
14989
14992
14994
14997
14998
15000
15002
15010
15023
15025
15027
15033
15037
15039
15050
15053
15060
15072
15077
15079
15081
15082
15084
15085
15086
15088
15089
15093
15094
15099
15100
15101
15102
15110
15111
15113
15114
15115
15117
15125
15132
15138
15139
15140
15143
15152
15156
15159
15172
15177
15179
15180
15181
15187
15190
15195
15197
15204
15207
15209
15213
15217
15218
15223
15226
15228
15229
15230
15232
15238
15243
15245
15246
15249
15250
15257
15266
15267
15271
15277
15280
15282
15285
15297
15303
15312
15317
15322
15324
15329
15331
15333
15334
15340
15342
15343
15344
15351
15353
15360
15365
15371
15373
15378
15381
15391
15397
15404
15408
15411
15415
15416
15417
15418
15422
15424
15431
15432
15435
15436
15437
15440
15444
15449
15455
15456
15464
15467
15468
15474
15475
15482
15489
15490
15493
15499
15513
15514
15517
15519
15525
15526
15529
15531
15533
15534
15536
15541
15542
15543
15545
15554
15563
15564
15569
15573
15574
15578
15583
15607
15616
15618
15619
15629
15630
15637
15642
15643
15649
15656
15657
15659
15665
15668
15673
15674
15677
15679
15681
15683
15689
15690
15695
15698
15702
15703
15711
15712
15716
15719
15720
15721
15722
15726
15730
15732
15734
15736
15739
15743
15745
15746
15755
15756
15757
15758
15769
15771
15777
15784
15785
15787
15788
15789
15790
15808
15813
15815
15816
15823
15824
15829
15836
15837
15843
15856
15857
15858
15859
15860
15879
15881
15882
15890
15891
15893
15896
15897
15903
15904
15906
15913
15914
15915
15920
15924
15929
15931
15934
15938
15942
15943
15946
15947
15957
15962
15969
15973
15974
15979
15987
15988
15991
16000
16005
16006
16008
16016
16021
16030
16036
16040
16047
16049
16054
16058
16059
16063
16066
16067
16072
16076
16077
16090
16091
16092
16093
16101
16104
16108
16112
16113
16115
16119
16122
16125
16139
16143
16145
16148
16149
16150
16154
16157
16161
16168
16169
16173
16174
16182
16184
16190
16208
16209
16216
16217
16218
16220
16221
16223
16226
16227
16232
16235
16236
16237
16241
16244
16259
16264
16266
16271
16277
16284
16301
16303
16306
16310
16311
16321
16323
16328
16330
16334
16338
16342
16347
16365
16370
16374
16385
16386
16387
16394
16397
16398
16404
16410
16411
16413
16419
16427
16431
16434
16439
16442
16444
16449
16453
16457
16464
16465
16469
16471
16472
16475
16480
16481
16482
16488
16496
16497
16498
16500
16501
16502
16504
16511
16514
16515
16517
16521
16524
16532
16533
16536
16539
16544
16546
16548
16552
16553
16556
16560
16564
16565
16566
16569
16570
16573
16580
16581
16585
16586
16590
16592
16596
16599
16602
16603
16604
16615
16618
16620
16623
16625
16626
16629
16634
16636
16643
16647
16648
16652
16653
16655
16661
16664
16665
16667
16674
16675
16677
16682
16686
16690
16691
16695
16701
16705
16708
16713
16714
16719
16721
16722
16729
16738
16740
16743
16747
16750
16752
16754
16760
16764
16768
16769
16772
16787
16798
16799
16802
16803
16808
16810
16814
16818
16820
16821
16833
16838
16839
16844
16853
16856
16859
16863
16868
16873
16875
16877
16879
16885
16896
16897
16899
16903
16905
16906
16909
16910
16911
16912
16920
16921
16924
16925
16927
16930
16931
16941
16942
16945
16948
16949
16950
16951
16953
16956
16959
16963
16964
16973
16979
16980
16982
16983
16986
16988
16989
16990
16992
16993
16995
16996
16997
16999
17007
17009
17013
17020
17024
17034
17037
17038
17045
17049
17052
17053
17057
17064
17065
17069
17073
17075
17080
17082
17083
17085
17095
17099
17100
17101
17104
17108
17118
17121
17122
17125
17126
17127
17130
17136
17144
17148
17154
17163
17164
17167
17169
17170
17171
17172
17176
17180
17182
17205
17207
17212
17217
17228
17232
17238
17239
17241
17243
17245
17246
17247
17249
17251
17259
17262
17265
17268
17270
17271
17272
17275
17276
17286
17288
17290
17293
17295
17297
17298
17306
17308
17309
17312
17313
17325
17329
17333
17334
17343
17346
17350
17358
17363
17365
17374
17377
17379
17384
17385
17386
17388
17392
17393
17394
17397
17399
17403
17406
17407
17411
17412
17420
17422
17426
17432
17437
17442
17443
17450
17452
17457
17458
17460
17461
17463
17467
17476
17477
17480
17482
17484
17485
17488
17489
17493
17495
17500
17503
17504
17506
17508
17511
17518
17519
17521
17523
17524
17527
17529
17535
17537
17546
17549
17555
17565
17568
17571
17574
17575
17580
17606
17607
17612
17615
17620
17626
17628
17634
17641
17645
17648
17652
17654
17658
17661
17662
17664
17667
17669
17673
17684
17690
17693
17695
17703
17708
17715
17717
17719
17725
17727
17728
17730
17731
17734
17738
17743
17745
17749
17751
17754
17755
17766
17768
17771
17773
17775
17778
17779
17780
17786
17788
17796
17805
17807
17808
17818
17821
17824
17826
17828
17832
17833
17839
17842
17851
17859
17862
17864
17866
17873
17874
17875
17876
17883
17887
17894
17899
17900
17901
17902
17906
17909
17910
17911
17918
17921
17925
17929
17933
17934
17938
17945
17948
17956
17961
17962
17963
17967
17974
17977
17978
17981
17989
17993
17995
17998
18003
18005
18016
18017
18022
18024
18027
18032
18033
18037
18050
18053
18055
18061
18066
18068
18073
18077
18081
18084
18086
18087
18093
18100
18101
18103
18105
18109
18110
18111
18113
18119
18121
18123
18130
18139
18140
18145
18146
18148
18160
18163
18166
18169
18172
18175
18178
18180
18183
18184
18186
18188
18190
18192
18201
18202
18204
18207
18209
18210
18211
18213
18214
18221
18235
18241
18246
18248
18253
18254
18255
18259
18260
18263
18265
18269
18271
18272
18273
18275
18279
18287
18291
18292
18295
18296
18298
18300
18305
18307
18313
18324
18328
18329
18333
18340
18341
18342
18347
18349
18352
18354
18356
18359
18372
18374
18381
18382
18383
18387
18388
18392
18393
18394
18395
18404
18408
18411
18413
18421
18428
18431
18435
18449
18453
18457
18464
18465
18468
18469
18477
18478
18480
18484
18489
18490
18498
18502
18511
18514
18519
18523
18524
18526
18532
18534
18537
18539
18549
18551
18552
18554
18555
18558
18559
18561
18562
18564
18573
18583
18584
18585
18593
18594
18595
18600
18606
18607
18610
18613
18628
18631
18632
18633
18638
18640
18641
18647
18652
18653
18657
18661
18665
18666
18671
18674
18676
18679
18680
18682
18696
18701
18703
18704
18716
18722
18723
18727
18732
18734
18738
18743
18748
18749
18751
18759
18760
18762
18764
18766
18768
18769
18777
18781
18788
18792
18797
18800
18801
18802
18805
18818
18822
18823
18829
18832
18833
18834
18835
18838
18840
18845
18850
18854
18855
18856
18862
18866
18869
18874
18875
18880
18881
18882
18898
18899
18900
18908
18919
18926
18929
18945
18948
18949
18950
18953
18958
18963
18964
18973
18974
18976
18979
18980
18985
18995
18998
18999
19008
19011
19015
19023
19026
19029
19030
19031
19039
19045
19055
19056
19063
19065
19066
19081
19088
19090
19093
19096
19098
19100
19107
19116
19118
19119
19123
19126
19129
19133
19136
19138
19139
19146
19150
19151
19153
19154
19158
19159
19168
19170
19174
19181
19183
19191
19193
19194
19195
19201
19206
19220
19226
19230
19231
19235
19242
19243
19247
19248
19250
19252
19257
19262
19274
19277
19280
19281
19282
19286
19287
19295
19297
19306
19307
19314
19316
19317
19318
19319
19320
19327
19335
19338
19344
19348
19352
19361
19362
19371
19373
19374
19377
19379
19380
19383
19385
19386
19389
19390
19394
19398
19404
19416
19419
19423
19431
19432
19433
19434
19437
19438
19444
19446
19454
19456
19457
19458
19459
19468
19470
19473
19479
19481
19487
19492
19493
19494
19495
19499
19501
19502
19505
19509
19510
19511
19519
19522
19527
19536
19537
19539
19541
19544
19552
19569
19578
19583
19587
19588
19589
19591
19598
19599
19606
19607
19614
19616
19620
19621
19624
19631
19640
19650
19652
19654
19655
19659
19660
19669
19677
19682
19696
19698
19707
19709
19720
19724
19737
19739
19741
19748
19750
19755
19772
19773
19787
19788
19789
19793
19796
19798
19801
19803
19804
19806
19807
19814
19830
19831
19837
19847
19850
19852
19853
19857
19858
19861
19862
19865
19867
19868
19875
19879
19885
19900
19902
19907
19910
19913
19915
19922
19923
19925
19926
19927
19932
19934
19938
19939
19940
19944
19945
19946
19949
19962
19970
19971
19978
19984
19986
19989
19993
19999
20002
20003
20005
20006
20007
20011
20013
20015
20019
20020
20021
20024
20030
20034
20036
20045
20046
20049
20050
20051
20053
20060
20070
20071
20079
20093
20096
20102
20111
20116
20117
20120
20121
20136
20139
20140
20142
20146
20160
20161
20163
20167
20169
20179
20180
20181
20182
20186
20189
20191
20192
20196
20203
20205
20210
20211
20215
20218
20219
20224
20228
20233
20235
20237
20242
20247
20249
20255
20258
20261
20268
20269
20270
20274
20280
20290
20292
20296
20299
20300
20309
20310
20313
20315
20317
20325
20328
20331
20338
20342
20343
20348
20356
20358
20366
20367
20370
20372
20374
20377
20389
20391
20392
20395
20408
20412
20417
20419
20421
20424
20428
20429
20433
20435
20436
20438
20439
20447
20458
20459
20465
20466
20467
20470
20471
20472
20473
20476
20480
20485
20486
20490
20491
20492
20494
20495
20496
20497
20498
20501
20508
20511
20513
20515
20518
20522
20527
20533
20538
20550
20561
20563
20564
20566
20568
20570
20571
20573
20575
20583
20586
20589
20590
20591
20594
20596
20600
20604
20605
20607
20615
20618
20625
20631
20636
20637
20643
20647
20650
20655
20658
20676
20678
20683
20684
20686
20689
20690
20693
20695
20701
20708
20719
20721
20723
20726
20728
20730
20733
20735
20745
20749
20750
20753
20766
20773
20777
20778
20783
20784
20792
20795
20809
20821
20822
20825
20826
20829
20831
20833
20839
20843
20848
20853
20854
20859
20864
20866
20867
20868
20869
20871
20873
20875
20878
20884
20885
20894
20896
20897
20898
20911
20913
20915
20918
20920
20921
20930
20933
20934
20936
20942
20945
20952
20955
20958
20960
20961
20963
20968
20971
20974
20981
20987
20993
21000
21001
21004
21006
21009
21010
21011
21012
21019
21024
21027
21033
21034
21042
21045
21053
21054
21055
21056
21064
21071
21075
21079
21085
21087
21090
21091
21093
21097
21103
21107
21110
21124
21133
21134
21141
21145
21150
21152
21157
21158
21162
21168
21169
21177
21178
21183
21195
21197
21199
21209
21210
21213
21217
21221
21222
21224
21226
21230
21241
21248
21253
21258
21270
21274
21276
21293
21312
21320
21322
21325
21336
21338
21339
21343
21346
21350
21356
21357
21363
21366
21370
21371
21383
21386
21390
21391
21393
21394
21395
21396
21404
21412
21413
21417
21419
21426
21431
21433
21434
21435
21440
21443
21447
21449
21451
21453
21459
21460
21463
21471
21477
21478
21479
21482
21494
21496
21504
21510
21511
21522
21525
21534
21536
21539
21541
21543
21554
21561
21564
21570
21576
21579
21582
21593
21597
21598
21603
21608
21613
21622
21625
21629
21631
21632
21633
21635
21642
21645
21650
21653
21655
21660
21661
21662
21668
21671
21672
21679
21680
21682
21683
21687
21688
21691
21699
21704
21708
21713
21716
21717
21723
21727
21728
21729
21730
21734
21749
21750
21751
21753
21758
21763
21765
21769
21770
21779
21781
21791
21796
21798
21801
21806
21815
21818
21824
21825
21829
21842
21843
21850
21858
21859
21861
21868
21869
21873
21893
21894
21895
21899
21900
21903
21905
21907
21909
21910
21914
21918
21924
21934
21940
21942
21944
21946
21948
21951
21952
21953
21954
21956
21967
21970
21973
21980
21983
21985
21986
21987
21988
21989
21992
21994
21997
22002
22005
22006
22007
22013
22015
22020
22022
22026
22038
22042
22044
22046
22049
22054
22064
22065
22068
22073
22074
22087
22090
22092
22096
22098
22099
22102
22103
22107
22117
22121
22132
22143
22151
22162
22164
22166
22178
22179
22180
22182
22186
22188
22189
22190
22194
22198
22200
22202
22203
22211
22213
22214
22216
22217
22220
22221
22224
22227
22233
22253
22259
22262
22269
22270
22271
22277
22282
22287
22290
22293
22294
22297
22301
22304
22308
22312
22319
22321
22323
22326
22337
22346
22347
22353
22361
22371
22377
22378
22384
22387
22393
22402
22410
22411
22416
22424
22427
22431
22437
22446
22450
22451
22455
22478
22483
22487
22490
22493
22494
22495
22501
22503
22504
22505
22508
22509
22510
22512
22521
22526
22529
22530
22531
22537
22538
22547
22550
22554
22556
22557
22561
22571
22572
22584
22586
22599
22601
22602
22606
22617
22621
22632
22642
22646
22648
22655
22662
22663
22673
22679
22682
22685
22686
22687
22693
22694
22696
22697
22698
22702
22703
22711
22715
22718
22719
22720
22724
22734
22735
22736
22746
22747
22757
22759
22764
22776
22778
22781
22784
22792
22800
22801
22808
22815
22816
22820
22828
22832
22838
22841
22844
22850
22869
22871
22875
22879
22887
22890
22892
22893
22894
22896
22898
22901
22902
22910
22914
22917
22921
22929
22931
22938
22943
22954
22963
22969
22971
22972
22973
22977
22987
22991
22995
23002
23004
23008
23011
23017
23019
23037
23051
23058
23063
23064
23085
23087
23090
23091
23093
23098
23101
23102
23105
23116
23117
23118
23120
23122
23125
23126
23137
23143
23145
23146
23149
23157
23158
23165
23168
23169
23172
23174
23192
23196
23201
23205
23208
23225
23226
23229
23231
23234
23235
23237
23239
23245
23250
23251
23258
23260
23265
23272
23273
23282
23285
23286
23287
23289
23296
23297
23305
23308
23314
23319
23333
23339
23344
23349
23356
23361
23366
23368
23370
23380
23382
23390
23391
23400
23401
23410
23414
23418
23419
23430
23439
23445
23446
23449
23450
23454
23464
23469
23474
23477
23478
23480
23483
23493
23498
23510
23518
23519
23526
23529
23536
23541
23543
23545
23546
23547
23550
23564
23585
23587
23588
23589
23601
23604
23608
23610
23613
23614
23619
23625
23630
23643
23648
23650
23658
23659
23660
23665
23669
23674
23676
23680
23682
23684
23691
23692
23698
23707
23709
23717
23720
23722
23723
23730
23732
23735
23739
23746
23749
23753
23754
23760
23768
23771
23773
23777
23784
23787
23794
23800
23807
23811
23817
23820
23823
23830
23831
23832
23836
23841
23843
23848
23849
23850
23856
23872
23875
23880
23889
23891
23897
23925
23927
23945
23947
23957
23959
23961
23981
24009
24010
24018
24031
24049
24053
24056
24061
24062
24065
24075
24079
24086
24090
24091
24097
24107
24117
24118
24123
24124
24143
24144
24147
24151
24158
24162
24165
24167
24172
24176
24193
24197
24199
24205
24208
24213
24215
24217
24224
24230
24233
24236
24238
24241
24243
24247
24258
24266
24267
24292
24306
24308
24309
24318
24327
24333
24335
24339
24342
24344
24345
24352
24357
24358
24360
24361
24365
24366
24370
24376
24377
24379
24391
24393
24397
24399
24402
24411
24414
24415
24430
24436
24447
24449
24451
24459
24469
24475
24478
24488
24491
24496
24497
24501
24503
24505
24511
24516
24525
24532
24539
24546
24551
24552
24555
24556
24560
24564
24566
24584
24588
24589
24590
24592
24595
24598
24617
24620
24625
24631
24646
24650
24655
24658
24660
24662
24674
24679
24682
24686
24690
24693
24696
24698
24699
24702
24703
24710
24715
24721
24723
24728
24734
24748
24758
24766
24768
24769
24777
24779
24783
24784
24789
24792
24813
24828
24829
24835
24836
24844
24849
24867
24869
24870
24882
24886
24893
24910
24915
24924
24942
24948
24949
24952
24955
24959
24960
24967
24970
24974
24976
24979
24992
24993
24994
24998
25000
