1
7
12
26
32
37
39
41
50
51
55
67
81
100
104
105
110
152
153
155
168
176
177
181
209
210
212
222
230
238
239
243
244
251
260
263
271
273
279
283
313
332
333
334
342
346
354
363
375
383
386
389
390
392
394
397
398
404
407
415
420
421
424
433
435
472
474
487
495
498
508
511
512
524
542
543
545
547
555
556
567
586
591
592
593
607
610
620
623
626
630
633
635
636
638
640
642
644
660
666
668
670
680
701
707
725
737
744
756
761
765
774
786
789
793
802
804
806
809
810
813
819
822
835
837
839
840
848
852
854
856
861
862
864
873
874
875
877
881
890
892
896
897
901
906
908
924
930
938
939
943
945
947
959
965
971
972
973
975
976
979
994
1015
1016
1019
1020
1029
1036
1043
1058
1059
1064
1071
1076
1084
1107
1133
1156
1173
1180
1181
1183
1185
1189
1193
1200
1205
1233
1238
1250
1254
1255
1266
1270
1272
1277
1280
1285
1294
1299
1300
1315
1332
1348
1359
1360
1369
1372
1376
1378
1382
1391
1392
1395
1401
1402
1405
1406
1409
1435
1447
1453
1455
1476
1485
1490
1494
1501
1504
1517
1518
1519
1520
1523
1524
1525
1528
1533
1535
1538
1540
1553
1563
1570
1571
1573
1575
1579
1585
1593
1609
1621
1624
1627
1635
1655
1659
1662
1666
1688
1691
1693
1702
1704
1710
1725
1732
1752
1774
1776
1785
1789
1798
1813
1818
1821
1829
1833
1836
1841
1852
1853
1855
1856
1870
1875
1876
1879
1891
1895
1896
1897
1900
1902
1903
1905
1907
1910
1917
1928
1931
1934
1954
1955
1959
1971
1991
1993
2001
2002
2010
2025
2033
2036
2038
2042
2044
2049
2051
2056
2064
2065
2074
2082
2083
2087
2090
2099
2101
2104
2115
2128
2135
2140
2145
2153
2155
2162
2168
2169
2179
2182
2191
2200
2207
2215
2220
2233
2237
2238
2242
2246
2253
2266
2273
2275
2289
2290
2291
2307
2319
2326
2340
2344
2345
2346
2347
2350
2361
2364
2370
2372
2375
2384
2389
2394
2397
2401
2411
2415
2428
2434
2437
2446
2471
2476
2480
2483
2501
2506
2508
2513
2514
2524
2543
2553
2560
2563
2568
2569
2574
2575
2577
2579
2585
2588
2619
2623
2625
2635
2636
2652
2658
2663
2664
2667
2671
2672
2674
2682
2689
2690
2693
2695
2696
2699
2704
2709
2711
2715
2724
2725
2732
2739
2741
2747
2783
2784
2787
2791
2792
2802
2805
2814
2822
2824
2827
2841
2857
2859
2869
2873
2882
2884
2885
2898
2903
2907
2909
2916
2918
2927
2930
2936
2940
2943
2948
2950
2965
2970
2971
2976
2989
2997
3001
3018
3019
3020
3023
3024
3034
3050
3061
3065
3071
3078
3093
3096
3097
3098
3100
3102
3103
3108
3127
3128
3136
3142
3143
3147
3153
3177
3180
3186
3189
3209
3212
3213
3236
3244
3254
3256
3257
3265
3268
3269
3271
3301
3314
3320
3339
3340
3342
3354
3362
3367
3368
3371
3374
3383
3389
3394
3398
3400
3403
3405
3406
3407
3411
3412
3414
3418
3420
3421
3422
3427
3431
3434
3435
3436
3437
3440
3447
3450
3455
3458
3459
3467
3476
3485
3491
3504
3524
3529
3534
3543
3550
3552
3554
3573
3579
3582
3601
3604
3606
3620
3622
3629
3631
3639
3641
3643
3647
3649
3660
3663
3673
3676
3682
3683
3688
3693
3706
3710
3729
3750
3752
3761
3783
3784
3788
3798
3799
3803
3804
3805
3809
3822
3823
3824
3825
3838
3846
3848
3849
3858
3862
3868
3873
3878
3891
3894
3911
3913
3919
3923
3931
3932
3933
3937
3938
3946
3952
3965
3967
3973
3978
3988
3993
3995
3996
4003
4007
4015
4020
4028
4029
4038
4044
4048
4052
4080
4093
4104
4106
4111
4114
4116
4122
4126
4130
4134
4136
4143
4153
4170
4177
4195
4196
4201
4214
4219
4221
4223
4226
4227
4240
4243
4244
4248
4252
4254
4256
4265
4266
4267
4276
4279
4282
4289
4290
4294
4300
4309
4315
4317
4319
4323
4330
4338
4341
4342
4343
4348
4352
4355
4364
4367
4378
4386
4391
4393
4402
4407
4409
4416
4424
4429
4432
4437
4444
4448
4450
4454
4455
4457
4458
4475
4476
4484
4487
4500
4510
4515
4520
4522
4526
4529
4535
4536
4546
4568
4575
4581
4593
4598
4601
4604
4608
4629
4634
4636
4646
4647
4651
4661
4666
4670
4675
4676
4681
4686
4710
4723
4725
4744
4755
4764
4779
4789
4795
4804
4805
4812
4820
4855
4857
4859
4860
4862
4872
4876
4877
4888
4893
4909
4910
4911
4916
4924
4926
4928
4929
4936
4944
4947
4954
4956
4962
4972
4980
4989
4992
4996
4998
5011
5022
5027
5033
5046
5049
5062
5066
5077
5084
5088
5096
5101
5106
5118
5125
5128
5142
5143
5148
5150
5172
5179
5180
5184
5191
5207
5209
5226
5238
5240
5250
5256
5269
5274
5279
5285
5290
5294
5297
5301
5305
5309
5318
5336
5337
5346
5355
5356
5360
5361
5366
5368
5370
5371
5377
5380
5387
5396
5398
5412
5414
5417
5419
5421
5423
5438
5439
5461
5482
5486
5493
5494
5504
5506
5511
5517
5527
5530
5540
5549
5564
5566
5571
5577
5578
5579
5586
5599
5603
5608
5612
5613
5614
5620
5628
5634
5642
5643
5647
5651
5686
5688
5701
5710
5711
5719
5739
5743
5744
5751
5759
5765
5767
5773
5781
5785
5803
5805
5809
5814
5818
5819
5827
5832
5837
5853
5860
5865
5877
5878
5879
5884
5890
5891
5894
5896
5901
5919
5950
5966
5969
5970
5984
5985
5991
6009
6015
6025
6029
6035
6042
6043
6054
6062
6071
6072
6081
6100
6104
6111
6113
6119
6121
6128
6150
6153
6154
6158
6178
6181
6183
6189
6191
6194
6195
6199
6208
6223
6228
6249
6251
6255
6274
6278
6283
6291
6298
6304
6310
6311
6312
6315
6332
6337
6339
6340
6343
6349
6353
6355
6360
6362
6367
6376
6382
6404
6417
6420
6421
6427
6432
6439
6449
6456
6466
6481
6482
6491
6495
6498
6500
6502
6506
6511
6514
6519
6521
6524
6527
6541
6543
6548
6549
6555
6566
6573
6580
6581
6584
6594
6610
6627
6642
6649
6650
6673
6681
6706
6710
6717
6722
6724
6729
6740
6746
6747
6751
6782
6791
6793
6797
6800
6802
6821
6825
6834
6835
6838
6841
6846
6847
6849
6850
6851
6855
6861
6864
6865
6867
6869
6876
6877
6878
6901
6927
6933
6935
6936
6940
6942
6945
6958
6962
6964
6966
6967
6970
6975
6978
6981
6997
7015
7021
7022
7034
7035
7040
7049
7054
7072
7081
7082
7084
7085
7086
7105
7112
7134
7143
7150
7154
7163
7166
7180
7185
7189
7194
7203
7208
7219
7229
7231
7235
7241
7246
7253
7254
7255
7256
7266
7268
7272
7277
7280
7282
7308
7314
7315
7316
7332
7335
7336
7339
7353
7355
7358
7363
7366
7371
7375
7378
7382
7389
7393
7395
7402
7420
7421
7424
7426
7427
7437
7446
7447
7450
7454
7462
7471
7476
7479
7480
7486
7487
7498
7500
7506
7509
7516
7517
7518
7519
7525
7527
7535
7537
7551
7557
7575
7580
7583
7584
7600
7602
7607
7609
7612
7617
7620
7625
7627
7634
7635
7642
7644
7647
7650
7652
7656
7657
7664
7679
7683
7688
7692
7693
7696
7710
7720
7721
7723
7728
7730
7731
7733
7736
7742
7749
7762
7770
7772
7774
7776
7785
7793
7803
7815
7823
7826
7834
7845
7851
7853
7861
7870
7871
7891
7913
7914
7917
7928
7934
7949
7952
7969
7973
7977
7979
7990
7991
7995
8001
8006
8011
8013
8018
8035
8046
8057
8062
8068
8089
8090
8097
8121
8122
8128
8133
8144
8148
8154
8156
8160
8163
8165
8174
8175
8177
8178
8180
8186
8188
8199
8201
8204
8206
8208
8217
8223
8224
8230
8240
8255
8256
8257
8259
8263
8273
8274
8279
8283
8290
8296
8297
8301
8305
8314
8316
8327
8340
8342
8345
8351
8373
8374
8384
8391
8397
8400
8402
8408
8431
8442
8452
8470
8478
8479
8497
8498
8520
8539
8548
8550
8562
8586
8595
8596
8598
8604
8607
8608
8610
8613
8617
8627
8633
8635
8639
8650
8652
8654
8658
8663
8666
8671
8677
8698
8708
8717
8720
8731
8737
8742
8768
8776
8787
8789
8791
8793
8797
8807
8819
8820
8824
8851
8857
8858
8859
8868
8871
8872
8874
8875
8876
8888
8894
8897
8915
8925
8926
8933
8934
8936
8937
8938
8943
8944
8951
8954
8955
8956
8963
8966
8967
8986
8988
8992
9009
9010
9012
9016
9022
9044
9046
9073
9089
9090
9095
9103
9110
9117
9125
9133
9134
9150
9153
9155
9160
9168
9169
9174
9175
9183
9198
9204
9208
9210
9212
9216
9220
9225
9236
9237
9239
9242
9244
9255
9264
9265
9280
9283
9286
9288
9291
9292
9296
9300
9320
9326
9328
9335
9338
9358
9368
9369
9382
9383
9391
9414
9420
9432
9437
9439
9440
9443
9449
9463
9470
9471
9475
9484
9488
9508
9512
9513
9515
9519
9536
9544
9552
9565
9566
9570
9573
9579
9595
9601
9614
9618
9623
9626
9628
9629
9649
9652
9653
9654
9660
9662
9664
9675
9676
9684
9688
9697
9710
9713
9714
9723
9726
9733
9734
9735
9736
9747
9749
9753
9759
9764
9780
9781
9794
9797
9800
9807
9809
9814
9815
9830
9833
9835
9844
9847
9858
9859
9868
9873
9879
9881
9884
9886
9892
9903
9909
9914
9918
9930
9938
9942
9944
9948
9952
9960
9963
9969
9981
9986
9989
9998
10004
10006
10008
10019
10020
10029
10034
10050
10066
10069
10071
10091
10127
10132
10134
10135
10146
10153
10158
10161
10162
10164
10167
10173
10174
10184
10188
10194
10195
10213
10215
10219
10220
10223
10227
10232
10233
10234
10244
10246
10255
10273
10279
10280
10284
10288
10289
10330
10342
10343
10345
10354
10355
10357
10359
10360
10363
10367
10373
10375
10377
10387
10392
10396
10397
10402
10403
10409
10410
10413
10415
10419
10424
10431
10432
10451
10463
10482
10489
10498
10503
10517
10522
10525
10533
10534
10545
10548
10550
10564
10565
10576
10578
10580
10585
10588
10595
10605
10606
10607
10608
10618
10629
10631
10634
10658
10661
10662
10663
10667
10669
10671
10676
10712
10717
10727
10730
10735
10737
10741
10746
10747
10749
10752
10756
10763
10779
10782
10785
10792
10799
10800
10802
10803
10804
10806
10813
10822
10831
10834
10847
10849
10865
10868
10873
10879
10881
10893
10894
10901
10914
10922
10932
10937
10938
10948
10951
10957
10978
10979
10985
10989
11002
11008
11010
11014
11018
11020
11023
11024
11026
11037
11039
11043
11046
11047
11055
11056
11058
11059
11070
11072
11078
11081
11082
11084
11085
11086
11091
11099
11114
11123
11128
11140
11141
11142
11154
11157
11161
11162
11184
11192
11198
11200
11201
11202
11206
11218
11227
11229
11236
11240
11242
11248
11250
11256
11264
11265
11268
11269
11273
11279
11284
11286
11290
11293
11296
11297
11301
11303
11312
11315
11316
11317
11335
11336
11341
11349
11352
11355
11364
11376
11383
11385
11387
11388
11397
11401
11408
11409
11414
11417
11422
11427
11450
11467
11469
11472
11480
11481
11482
11483
11485
11488
11491
11498
11499
11511
11521
11527
11536
11538
11539
11547
11555
11574
11580
11583
11590
11602
11605
11613
11619
11620
11623
11628
11629
11633
11638
11639
11642
11645
11652
11653
11662
11666
11667
11672
11681
11689
11693
11694
11700
11721
11722
11733
11746
11754
11771
11772
11774
11795
11804
11807
11811
11814
11823
11830
11831
11833
11836
11871
11880
11881
11882
11897
11898
11901
11902
11904
11905
11906
11908
11915
11926
11932
11940
11946
11952
11954
11970
11979
11981
11982
11986
11987
11989
11992
11994
12017
12030
12031
12032
12037
12040
12043
12045
12050
12061
12065
12066
12068
12071
12073
12083
12087
12098
12107
12115
12126
12127
12133
12140
12141
12151
12152
12159
12171
12175
12178
12181
12195
12202
12218
12223
12225
12232
12234
12238
12248
12260
12268
12288
12293
12300
12303
12313
12325
12326
12328
12338
12344
12352
12359
12360
12367
12370
12374
12375
12376
12379
12384
12397
12401
12407
12412
12415
12417
12420
12425
12426
12430
12432
12433
12439
12442
12453
12473
12474
12476
12478
12494
12497
12503
12508
12509
12512
12520
12521
12522
12531
12535
12545
12548
12551
12555
12572
12579
12589
12598
12607
12608
12609
12616
12621
12630
12634
12638
12641
12642
12655
12657
12670
12671
12672
12676
12680
12681
12686
12692
12699
12707
12720
12723
12727
12739
12742
12743
12750
12757
12762
12775
12777
12795
12796
12805
12832
12834
12840
12851
12864
12867
12871
12874
12878
12886
12887
12900
12904
12924
12934
12935
12939
12952
12953
12956
12959
12960
12973
12976
12983
12998
13002
13008
13013
13014
13021
13027
13045
13047
13056
13063
13068
13072
13076
13079
13084
13106
13107
13118
13126
13129
13133
13145
13154
13166
13168
13170
13184
13192
13196
13197
13201
13203
13207
13210
13212
13214
13224
13229
13232
13234
13237
13240
13249
13260
13264
13267
13268
13269
13275
13277
13281
13284
13285
13302
13303
13309
13318
13319
13324
13327
13330
13334
13346
13350
13357
13360
13379
13386
13388
13389
13398
13404
13407
13413
13415
13449
13454
13461
13465
13475
13481
13510
13512
13513
13514
13516
13520
13524
13525
13529
13530
13534
13547
13560
13561
13569
13572
13604
13616
13627
13638
13644
13653
13663
13664
13667
13678
13687
13688
13691
13696
13701
13705
13707
13716
13724
13732
13734
13745
13753
13759
13760
13768
13778
13779
13785
13792
13795
13800
13813
13815
13822
13827
13832
13837
13838
13847
13850
13851
13852
13853
13862
13866
13884
13890
13892
13893
13896
13902
13905
13913
13917
13926
13931
13933
13938
13950
13955
13966
13970
13981
13984
13987
14001
14007
14013
14039
14052
14068
14086
14094
14096
14106
14112
14115
14126
14128
14130
14132
14135
14139
14146
14155
14162
14176
14180
14184
14185
14186
14192
14194
14198
14204
14205
14210
14229
14233
14234
14245
14249
14256
14262
14264
14268
14269
14278
14287
14292
14294
14301
14302
14304
14307
14308
14309
14311
14316
14325
14326
14327
14334
14340
14341
14359
14363
14366
14375
14377
14394
14395
14417
14421
14422
14424
14428
14438
14443
14459
14473
14474
14476
14478
14479
14493
14502
14505
14521
14524
14525
14530
14533
14534
14536
14539
14543
14551
14558
14559
14561
14565
14566
14575
14597
14603
14608
14618
14622
14626
14639
14640
14646
14671
14677
14679
14687
14691
14701
14706
14710
14711
14712
14726
14732
14742
14744
14757
14758
14759
14761
14764
14770
14772
14777
14782
14785
14787
14796
14807
14831
14832
14842
14843
14857
14860
14881
14882
14883
14885
14888
14908
14912
14915
14921
14929
14933
14939
14952
14953
14962
14963
14964
14977
14985
14987
14989
14992
15023
15025
15027
15033
15037
15039
15053
15060
15072
15082
15089
15093
15094
15099
15111
15113
15115
15117
15125
15143
15156
15159
15179
15181
15187
15190
15207
15213
15217
15218
15223
15226
15228
15230
15232
15238
15243
15250
15266
15271
15297
15312
15317
15324
15329
15331
15340
15343
15344
15371
15373
15391
15397
15408
15411
15415
15416
15417
15424
15432
15435
15436
15437
15440
15444
15449
15455
15456
15464
15468
15475
15482
15490
15513
15517
15519
15526
15531
15541
15542
15543
15545
15554
15563
15616
15618
15619
15630
15642
15643
15649
15668
15673
15674
15677
15681
15689
15690
15695
15702
15711
15712
15719
15720
15721
15722
15726
15734
15736
15739
15745
15756
15757
15769
15777
15784
15785
15787
15808
15813
15816
15823
15824
15856
15857
15858
15860
15879
15882
15893
15897
15906
15913
15920
15924
15934
15942
15946
15947
15957
15962
15973
15979
15987
15988
15991
16000
16005
16006
16008
16021
16036
16040
16047
16049
16054
16058
16059
16067
16072
16076
16090
16091
16092
16101
16108
16113
16115
16119
16122
16125
16145
16149
16154
16168
16169
16173
16182
16184
16190
16218
16220
16226
16227
16236
16237
16241
16244
16271
16277
16303
16310
16311
16321
16323
16328
16330
16334
16338
16365
16370
16385
16386
16387
16394
16397
16410
16411
16413
16419
16427
16434
16439
16442
16444
16453
16457
16464
16469
16472
16480
16481
16482
16496
16497
16498
16514
16515
16517
16521
16532
16533
16546
16548
16552
16553
16560
16564
16565
16569
16581
16586
16590
16592
16599
16604
16615
16618
16620
16623
16625
16643
16647
16648
16653
16655
16661
16664
16667
16674
16675
16677
16682
16686
16690
16695
16705
16708
16713
16714
16719
16721
16729
16738
16740
16743
16747
16752
16760
16768
16769
16787
16799
16803
16808
16814
16818
16820
16821
16833
16838
16839
16856
16859
16863
16868
16879
16885
16896
16897
16899
16903
16905
16906
16910
16912
16921
16924
16925
16930
16942
16948
16951
16953
16956
16979
16983
16986
16988
16990
16992
16993
16995
17007
17024
17037
17045
17049
17053
17064
17065
17073
17075
17080
17082
17095
17099
17100
17104
17108
17118
17121
17125
17127
17130
17136
17154
17163
17164
17167
17171
17228
17238
17239
17241
17245
17249
17251
17262
17270
17271
17275
17286
17290
17293
17297
17308
17309
17325
17329
17343
17346
17350
17358
17363
17365
17377
17384
17385
17386
17388
17392
17393
17397
17399
17406
17411
17412
17420
17422
17432
17442
17443
17452
17457
17460
17461
17463
17467
17476
17477
17480
17482
17484
17489
17493
17495
17503
17506
17508
17511
17523
17527
17535
17546
17571
17574
17575
17580
17606
17607
17615
17634
17648
17658
17661
17667
17669
17673
17684
17695
17703
17708
17725
17727
17730
17731
17734
17738
17743
17745
17751
17768
17771
17773
17775
17779
17780
17786
17796
17805
17807
17808
17818
17824
17826
17828
17832
17833
17842
17851
17859
17862
17864
17866
17873
17874
17883
17887
17899
17900
17902
17906
17909
17910
17911
17918
17921
17929
17933
17938
17945
17948
17956
17961
17962
17963
17974
17977
17978
17989
17998
18005
18016
18017
18027
18033
18037
18050
18053
18068
18081
18086
18087
18101
18105
18109
18110
18111
18119
18130
18145
18148
18160
18163
18166
18169
18175
18180
18183
18184
18190
18192
18201
18202
18204
18211
18213
18246
18253
18255
18260
18265
18269
18271
18272
18273
18275
18287
18291
18292
18295
18296
18300
18305
18313
18324
18328
18329
18333
18347
18352
18354
18359
18372
18392
18393
18394
18395
18404
18411
18413
18421
18428
18435
18449
18468
18480
18484
18490
18502
18511
18514
18519
18524
18526
18532
18534
18537
18539
18551
18552
18555
18558
18561
18562
18564
18584
18585
18593
18594
18595
18600
18610
18628
18631
18632
18633
18638
18641
18652
18665
18666
18671
18674
18676
18679
18696
18701
18704
18716
18722
18723
18727
18732
18734
18751
18762
18764
18768
18777
18781
18788
18801
18818
18823
18829
18832
18834
18835
18838
18840
18845
18850
18854
18866
18869
18874
18882
18898
18900
18908
18926
18949
18980
18985
18998
18999
19008
19015
19023
19026
19029
19030
19031
19063
19065
19066
19088
19096
19098
19107
19116
19118
19123
19126
19129
19133
19136
19138
19150
19151
19153
19154
19159
19168
19170
19181
19183
19191
19193
19201
19220
19230
19243
19262
19274
19277
19280
19281
19286
19287
19307
19314
19316
19317
19318
19320
19327
19338
19348
19361
19362
19383
19385
19386
19416
19423
19431
19437
19446
19454
19456
19457
19458
19468
19470
19473
19492
19494
19495
19499
19510
19519
19522
19527
19537
19539
19541
19544
19569
19578
19583
19587
19588
19589
19591
19614
19616
19620
19621
19631
19640
19650
19655
19660
19669
19677
19682
19696
19707
19709
19720
19739
19741
19750
19755
19787
19788
19789
19793
19798
19803
19807
19830
19837
19847
19850
19852
19857
19858
19861
19865
19868
19875
19879
19900
19902
19910
19913
19915
19925
19927
19932
19934
19944
19946
19949
19962
19970
19971
19984
19986
19989
19999
20002
20003
20005
20011
20015
20019
20020
20021
20045
20046
20051
20053
20060
20070
20071
20096
20111
20116
20117
20120
20140
20142
20146
20160
20163
20167
20169
20179
20181
20182
20186
20189
20191
20192
20196
20203
20210
20211
20218
20233
20235
20242
20247
20258
20280
20290
20292
20296
20299
20300
20309
20310
20313
20315
20317
20338
20342
20358
20366
20367
20370
20372
20374
20377
20392
20395
20412
20421
20424
20429
20436
20439
20447
20458
20459
20465
20471
20476
20480
20490
20491
20492
20494
20495
20497
20501
20508
20511
20513
20518
20522
20527
20538
20564
20566
20570
20571
20573
20583
20586
20589
20596
20600
20604
20605
20607
20615
20618
20625
20637
20643
20647
20650
20655
20658
20678
20684
20689
20690
20723
20728
20735
20745
20750
20778
20784
20795
20821
20822
20825
20826
20829
20831
20833
20843
20848
20853
20854
20859
20864
20866
20867
20868
20869
20871
20873
20875
20884
20885
20896
20898
20913
20915
20918
20933
20934
20936
20942
20955
20958
20960
20961
20971
20987
20993
21000
21006
21009
21012
21019
21024
21027
21034
21042
21045
21053
21054
21056
21071
21075
21085
21087
21090
21091
21097
21103
21107
21110
21124
21133
21134
21141
21145
21150
21152
21158
21162
21168
21178
21183
21195
21197
21199
21209
21213
21217
21221
21224
21226
21241
21248
21258
21270
21274
21293
21320
21325
21336
21339
21343
21346
21350
21363
21366
21370
21383
21386
21390
21393
21394
21396
21404
21412
21413
21419
21426
21431
21434
21440
21443
21449
21453
21463
21471
21478
21479
21482
21494
21496
21504
21510
21511
21522
21525
21534
21536
21539
21543
21554
21561
21564
21570
21576
21579
21593
21597
21603
21608
21613
21622
21625
21629
21631
21632
21642
21645
21650
21660
21661
21668
21672
21680
21683
21687
21691
21699
21708
21713
21717
21723
21728
21729
21730
21734
21749
21750
21751
21758
21765
21770
21779
21796
21806
21815
21818
21824
21825
21843
21850
21859
21861
21868
21869
21893
21894
21895
21899
21903
21905
21910
21914
21918
21924
21934
21940
21942
21944
21952
21956
21970
21973
21985
21987
21988
21989
21992
21994
21997
22002
22006
22007
22013
22015
22020
22026
22038
22044
22046
22049
22054
22064
22068
22073
22087
22090
22092
22096
22098
22102
22107
22117
22121
22132
22143
22151
22162
22164
22166
22178
22180
22186
22188
22189
22200
22202
22203
22214
22217
22221
22253
22262
22269
22287
22290
22293
22294
22301
22308
22319
22323
22326
22346
22377
22378
22387
22393
22402
22416
22424
22437
22446
22450
22451
22483
22487
22490
22494
22501
22503
22505
22510
22512
22529
22531
22537
22538
22547
22550
22554
22557
22561
22571
22572
22584
22599
22602
22617
22621
22632
22642
22646
22648
22655
22662
22663
22679
22682
22686
22693
22694
22696
22697
22702
22703
22711
22715
22719
22720
22724
22734
22736
22746
22747
22757
22759
22764
22776
22778
22781
22792
22800
22801
22808
22815
22816
22820
22828
22832
22838
22841
22844
22850
22869
22875
22879
22892
22893
22894
22896
22898
22901
22910
22921
22938
22954
22963
22969
22971
22972
22973
22977
22987
22991
22995
23004
23008
23011
23019
23051
23058
23063
23064
23085
23087
23091
23093
23098
23101
23102
23105
23117
23118
23122
23125
23137
23146
23149
23157
23158
23168
23169
23174
23192
23201
23208
23229
23235
23239
23245
23250
23251
23260
23272
23285
23287
23297
23308
23333
23339
23349
23356
23361
23366
23368
23370
23380
23382
23390
23400
23401
23410
23418
23419
23430
23439
23446
23450
23454
23464
23474
23480
23483
23493
23510
23519
23529
23536
23545
23546
23547
23564
23587
23589
23604
23610
23613
23614
23630
23643
23648
23650
23658
23659
23665
23669
23674
23676
23680
23682
23691
23692
23698
23707
23709
23722
23723
23730
23746
23749
23753
23760
23768
23771
23773
23784
23787
23794
23800
23817
23820
23823
23830
23831
23832
23836
23841
23843
23848
23849
23856
23880
23889
23891
23925
23927
23945
23947
23959
23981
24009
24010
24049
24056
24061
24065
24097
24107
24117
24118
24123
24124
24143
24144
24151
24162
24165
24167
24172
24176
24199
24205
24213
24215
24217
24230
24233
24236
24238
24241
24247
24258
24266
24267
24292
24308
24309
24318
24327
24339
24342
24352
24358
24360
24361
24365
24366
24370
24376
24379
24393
24397
24399
24402
24411
24414
24415
24430
24449
24459
24469
24491
24503
24505
24511
24516
24525
24532
24539
24546
24552
24555
24556
24560
24564
24566
24584
24588
24589
24590
24592
24595
24598
24620
24625
24646
24650
24655
24658
24660
24662
24674
24686
24693
24696
24698
24699
24702
24710
24721
24728
24766
24768
24769
24779
24783
24784
24792
24835
24844
24849
24867
24869
24886
24910
24924
24942
24948
24949
24952
24955
24959
24960
24967
24993
24994
