28
43
44
45
68
73
76
80
85
87
95
112
114
119
125
147
154
158
166
170
189
198
202
204
208
247
252
261
276
278
288
308
311
326
339
360
372
378
379
385
395
403
413
416
429
493
500
502
535
575
577
583
625
646
653
656
658
671
676
691
695
732
738
751
760
821
832
834
850
865
886
888
921
925
949
950
957
962
969
983
987
992
1004
1039
1052
1075
1077
1081
1091
1128
1134
1144
1154
1168
1171
1177
1185
1208
1217
1218
1273
1286
1289
1307
1311
1324
1328
1363
1411
1419
1502
1513
1515
1552
1564
1566
1591
1600
1603
1623
1624
1632
1653
1676
1686
1697
1699
1703
1709
1765
1791
1795
1801
1803
1808
1810
1815
1832
1845
1854
1864
1885
1892
1893
1901
1905
1914
1916
1918
1950
1952
1994
1997
2001
2012
2014
2023
2027
2085
2119
2144
2152
2156
2160
2164
2216
2220
2227
2247
2297
2299
2317
2335
2353
2355
2362
2369
2378
2381
2383
2396
2431
2449
2453
2459
2462
2464
2476
2488
2516
2531
2543
2545
2585
2648
2650
2683
2715
2736
2752
2756
2776
2807
2814
2843
2844
2856
2897
2963
2986
2997
3002
3018
3026
3031
3051
3063
3111
3112
3117
3135
3153
3174
3197
3232
3237
3249
3257
3264
3297
3305
3316
3323
3324
3329
3333
3357
3391
3397
3406
3486
3506
3519
3559
3619
3626
3681
3743
3779
3795
3802
3811
3817
3829
3836
3860
3882
3890
3895
3897
3899
3927
3998
4054
4062
4070
4084
4118
4120
4146
4152
4157
4183
4186
4229
4234
4249
4359
4413
4451
4543
4547
4599
4609
4630
4663
4692
4696
4715
4747
4754
4760
4761
4783
4939
4948
5003
5021
5032
5039
5093
5110
5115
5130
5131
5153
5155
5167
5181
5197
5213
5239
5242
5306
5326
5361
5365
5384
5392
5394
5426
5428
5437
5498
5521
5535
5537
5546
5576
5598
5633
5653
5713
5747
5748
5797
5798
5829
5851
5852
5859
5895
5918
5948
6021
6049
6074
6082
6090
6127
6132
6159
6164
6176
6184
6206
6242
6247
6334
6336
6380
6385
6401
6423
6440
6484
6571
6602
6637
6726
6798
6814
6831
6874
6880
6921
6938
6950
6968
7006
7011
7124
7131
7184
7204
7213
7293
7322
7328
7505
7512
7515
7521
7540
7586
7595
7658
7667
7777
7811
7818
7829
7888
7892
7918
7946
7961
8044
8046
8047
8084
8110
8131
8150
8286
8411
8422
8441
8477
8509
8518
8532
8538
8543
8572
8640
8749
8836
8920
8923
8940
8998
9024
9034
9041
9124
9188
9202
9307
9483
9497
9577
9669
9672
9702
9896
9947
10083
10145
10191
10257
10263
10297
10369
10423
10483
10487
10554
10617
10667
10740
10752
10764
10790
10857
10906
10958
10982
10983
10998
11044
11045
11062
11064
11139
11185
11197
11220
11452
11516
11558
11612
11687
11720
11850
11871
11913
11983
12049
12077
12091
12174
12196
12247
12249
12256
12422
12424
12559
12604
12612
12627
12635
12679
12685
12689
12802
12813
12819
12827
12888
12948
12955
12961
12990
13022
13041
13044
13065
13067
13146
13225
13241
13250
13326
13339
13418
13451
13452
13522
13544
13585
13609
13635
13693
13724
13766
13776
13803
13832
13856
13861
13924
13945
13959
13978
13989
13993
13995
14022
14026
14028
14053
14072
14098
14143
14159
14217
14244
14247
14252
14396
14415
14481
14532
14577
14586
14596
14603
14628
14634
14682
14716
14724
14738
14782
14795
14903
14920
14941
14995
15006
15034
15073
15107
15108
15231
15237
15288
15298
15312
15335
15354
15362
15503
15544
15547
15613
15620
15623
15644
15715
15718
15738
15749
15751
15839
15845
15868
15907
15965
15966
15982
15990
16011
16062
16110
16118
16140
16156
16194
16222
16225
16230
16280
16282
16289
16304
16320
16326
16332
16333
16360
16418
16425
16487
16571
16578
16610
16649
16662
16733
16735
16788
16792
16806
16843
16846
16858
16860
16865
17002
17017
17048
17078
17113
17131
17138
17140
17168
17171
17175
17219
17225
17229
17335
17439
17446
17449
17478
17486
17492
17521
17560
17566
17650
17665
17699
17700
17740
17781
17797
17898
17922
17928
17941
17973
18051
18060
18079
18082
18189
18219
18220
18312
18317
18325
18327
18373
18407
18442
18497
18525
18553
18557
18618
18667
18684
18770
18799
18816
18839
18841
18847
18868
18902
18907
18927
18932
18951
18960
19025
19033
19037
19109
19113
19114
19141
19221
19227
19249
19283
19289
19296
19323
19324
19341
19346
19354
19407
19415
19445
19526
19553
19600
19623
19643
19646
19721
19734
19746
19764
19783
19797
19805
19817
19832
19843
19855
19871
19991
20041
20084
20127
20173
20190
20221
20240
20373
20400
20423
20440
20444
20477
20539
20559
20560
20600
20632
20648
20661
20667
20673
20705
20722
20729
20806
20819
20853
20865
20932
20966
20970
20977
20996
21013
21041
21050
21061
21106
21127
21174
21188
21216
21252
21263
21294
21302
21384
21400
21470
21526
21527
21602
21626
21697
21706
21715
21738
21795
21834
21840
21888
21898
21959
22025
22036
22041
22045
22047
22048
22050
22052
22094
22122
22160
22167
22274
22311
22314
22349
22362
22364
22372
22373
22382
22420
22422
22439
22440
22445
22457
22497
22506
22543
22560
22570
22576
22580
22596
22607
22608
22611
22618
22624
22639
22652
22658
22666
22680
22684
22695
22701
22707
22713
22748
22755
22768
22793
22802
22827
22829
22830
22851
22877
22908
22915
22925
22930
22932
22935
22941
22962
22967
22979
23013
23026
23029
23030
23035
23049
23060
23067
23075
23076
23107
23108
23127
23131
23140
23171
23175
23179
23190
23198
23203
23219
23246
23271
23274
23277
23283
23295
23324
23326
23353
23355
23360
23376
23383
23399
23405
23432
23443
23452
23456
23466
23468
23470
23487
23498
23502
23503
23505
23506
23542
23544
23552
23558
23590
23598
23612
23618
23654
23655
23661
23685
23689
23695
23702
23712
23744
23745
23751
23755
23769
23778
23785
23786
23814
23837
23871
23877
23888
23890
23895
23907
23917
23920
23942
23962
23970
23971
23976
24015
24020
24031
24032
24036
24046
24053
24057
24067
24076
24100
24114
24121
24133
24160
24198
24250
24264
24265
24268
24269
24271
24278
24290
24298
24307
24312
24315
24346
24348
24354
24367
24373
24381
24384
24386
24387
24395
24400
24404
24409
24431
24433
24438
24442
24461
24482
24484
24490
24495
24504
24544
24577
24579
24581
24582
24596
24607
24613
24627
24629
24637
24639
24652
24656
24663
24689
24692
24712
24718
24757
24788
24791
24801
24827
24831
24832
24839
24857
24861
24868
24871
24876
24890
24892
24918
24947
24957
24961
24964
24977
24978
24999
