5
7
11
12
17
50
55
59
75
83
89
91
98
105
111
127
134
138
139
140
142
143
144
150
151
163
176
181
183
185
186
188
190
192
199
200
209
215
217
224
227
230
231
238
239
248
250
256
259
262
263
264
268
273
279
283
290
291
294
297
301
308
309
313
314
324
325
330
333
349
352
354
361
363
365
380
381
382
386
389
393
396
397
398
408
418
423
424
430
436
437
438
439
442
444
450
451
455
456
462
463
469
472
474
475
476
480
483
484
491
494
496
503
505
507
508
509
512
515
517
518
525
526
530
532
536
541
543
545
546
548
555
558
559
563
565
568
572
573
576
579
586
590
596
601
603
610
611
615
620
628
629
630
631
633
635
640
641
642
644
648
649
650
651
652
654
661
669
670
672
680
681
682
684
686
697
699
707
711
717
718
720
721
724
726
727
728
734
735
736
737
741
743
746
753
761
768
769
770
772
778
779
780
789
791
800
803
805
806
811
813
817
819
822
823
824
827
828
829
837
840
846
854
856
857
859
860
862
863
869
870
872
873
878
885
887
888
892
895
901
904
906
908
912
913
914
924
929
934
935
936
938
939
941
943
946
947
951
959
964
965
973
976
985
988
991
993
998
1006
1014
1016
1017
1019
1020
1022
1030
1033
1034
1036
1045
1051
1061
1066
1067
1070
1071
1076
1078
1080
1087
1093
1098
1099
1100
1102
1103
1107
1109
1111
1112
1115
1117
1121
1124
1126
1135
1136
1139
1148
1152
1156
1158
1161
1165
1170
1172
1173
1179
1184
1187
1189
1190
1192
1193
1194
1196
1205
1207
1209
1210
1216
1219
1221
1223
1224
1226
1228
1237
1241
1245
1246
1248
1249
1254
1259
1262
1265
1266
1267
1272
1277
1278
1280
1281
1283
1285
1287
1288
1290
1291
1295
1296
1297
1300
1312
1313
1315
1317
1318
1321
1325
1327
1332
1335
1336
1343
1345
1348
1351
1352
1353
1356
1359
1364
1366
1368
1369
1371
1376
1377
1382
1393
1395
1405
1406
1409
1410
1412
1413
1414
1415
1416
1420
1421
1435
1436
1438
1440
1444
1447
1448
1451
1452
1453
1454
1458
1463
1467
1470
1476
1477
1481
1482
1485
1489
1490
1491
1494
1495
1500
1501
1503
1505
1509
1510
1521
1523
1524
1525
1528
1530
1533
1535
1536
1542
1545
1547
1551
1554
1558
1560
1567
1568
1573
1581
1585
1586
1587
1590
1593
1612
1615
1622
1625
1626
1628
1629
1630
1631
1636
1638
1641
1648
1654
1655
1659
1664
1666
1669
1671
1672
1675
1679
1680
1683
1684
1687
1689
1690
1693
1698
1702
1704
1705
1706
1707
1713
1714
1717
1718
1719
1722
1728
1732
1733
1738
1750
1753
1754
1755
1760
1762
1764
1767
1773
1774
1779
1780
1784
1785
1787
1797
1809
1813
1824
1826
1827
1833
1839
1840
1843
1844
1850
1853
1855
1856
1862
1863
1868
1870
1875
1876
1879
1881
1887
1888
1894
1895
1896
1899
1900
1910
1911
1913
1925
1926
1928
1931
1934
1937
1938
1939
1941
1942
1944
1946
1947
1950
1953
1961
1966
1967
1970
1971
1972
1973
1976
1977
1981
1982
1984
1987
1988
1993
2000
2002
2003
2006
2010
2017
2020
2025
2032
2033
2034
2038
2039
2042
2045
2046
2049
2051
2054
2056
2059
2067
2068
2069
2070
2072
2074
2075
2079
2084
2087
2088
2091
2096
2101
2103
2110
2118
2123
2124
2125
2126
2127
2128
2131
2135
2137
2138
2141
2143
2146
2149
2151
2154
2155
2168
2169
2173
2175
2176
2179
2181
2183
2188
2189
2190
2191
2192
2194
2196
2197
2213
2215
2220
2229
2230
2237
2238
2239
2253
2257
2263
2265
2266
2267
2269
2271
2275
2276
2277
2284
2286
2287
2289
2290
2295
2298
2309
2313
2320
2321
2322
2328
2330
2332
2334
2340
2341
2342
2344
2347
2349
2351
2354
2356
2359
2363
2364
2365
2366
2370
2371
2372
2373
2384
2386
2391
2395
2398
2400
2403
2405
2407
2408
2410
2411
2412
2414
2418
2419
2423
2428
2434
2436
2437
2439
2440
2445
2446
2450
2457
2458
2461
2463
2465
2467
2472
2474
2478
2479
2481
2483
2484
2485
2488
2489
2492
2495
2496
2504
2505
2513
2514
2515
2518
2519
2520
2521
2524
2530
2536
2537
2538
2539
2541
2544
2546
2548
2549
2553
2554
2557
2559
2560
2572
2577
2579
2582
2584
2586
2589
2597
2602
2611
2612
2613
2618
2621
2622
2623
2624
2626
2628
2629
2630
2634
2638
2639
2641
2646
2647
2649
2653
2660
2663
2664
2669
2670
2671
2672
2673
2675
2677
2682
2688
2689
2690
2691
2694
2701
2703
2711
2714
2722
2724
2726
2727
2729
2731
2735
2741
2743
2744
2745
2746
2747
2748
2751
2753
2754
2761
2763
2765
2766
2767
2768
2769
2772
2773
2780
2782
2783
2785
2786
2790
2791
2794
2795
2798
2800
2801
2804
2808
2812
2817
2818
2819
2831
2833
2841
2848
2851
2853
2857
2860
2867
2869
2872
2879
2884
2889
2892
2896
2900
2901
2903
2907
2909
2911
2916
2917
2918
2920
2927
2929
2932
2936
2940
2941
2943
2944
2946
2948
2953
2956
2962
2966
2970
2972
2973
2975
2977
2979
2986
2987
2996
2998
3002
3003
3004
3008
3009
3012
3014
3015
3016
3019
3026
3029
3036
3046
3049
3050
3054
3056
3057
3061
3064
3067
3069
3070
3073
3074
3075
3078
3080
3082
3083
3084
3085
3089
3093
3095
3096
3097
3100
3105
3113
3118
3119
3120
3123
3127
3134
3140
3142
3148
3149
3151
3155
3157
3160
3162
3164
3165
3166
3167
3169
3172
3175
3176
3177
3179
3180
3182
3183
3185
3187
3190
3196
3209
3211
3212
3214
3220
3223
3225
3227
3228
3245
3246
3248
3253
3256
3263
3265
3266
3268
3269
3271
3273
3276
3280
3287
3291
3297
3299
3301
3302
3306
3309
3310
3311
3312
3313
3315
3319
3320
3327
3331
3332
3336
3338
3339
3342
3345
3347
3353
3356
3359
3360
3361
3362
3363
3367
3374
3376
3381
3384
3385
3388
3389
3390
3392
3395
3399
3400
3402
3412
3415
3417
3419
3420
3421
3422
3425
3431
3434
3435
3440
3441
3446
3455
3458
3463
3466
3469
3472
3475
3478
3480
3485
3489
3490
3491
3494
3502
3503
3507
3514
3518
3520
3521
3522
3524
3527
3530
3531
3532
3533
3534
3539
3542
3545
3547
3551
3552
3553
3556
3563
3566
3569
3573
3574
3579
3586
3588
3589
3591
3594
3596
3602
3605
3607
3608
3609
3610
3611
3615
3618
3620
3621
3623
3624
3627
3629
3635
3637
3641
3644
3646
3648
3649
3656
3667
3673
3674
3679
3687
3688
3691
3693
3694
3695
3700
3703
3706
3707
3713
3718
3723
3724
3726
3729
3738
3742
3745
3747
3752
3754
3762
3763
3765
3771
3774
3777
3783
3785
3786
3787
3788
3792
3793
3798
3804
3805
3807
3808
3812
3814
3815
3818
3819
3820
3821
3822
3823
3824
3825
3826
3830
3831
3844
3846
3847
3848
3849
3853
3856
3862
3868
3872
3873
3875
3877
3879
3881
3883
3885
3888
3890
3891
3892
3900
3901
3908
3911
3913
3915
3919
3921
3923
3926
3933
3934
3936
3938
3946
3948
3949
3951
3956
3957
3966
3968
3969
3971
3973
3974
3975
3976
3979
3980
3981
3982
3984
3986
3988
3995
3996
3997
4003
4004
4007
4015
4019
4020
4023
4027
4030
4034
4038
4043
4044
4047
4049
4053
4055
4057
4063
4066
4069
4075
4076
4077
4079
4080
4081
4082
4085
4087
4089
4091
4094
4096
4101
4104
4105
4114
4116
4124
4125
4127
4134
4135
4136
4137
4139
4140
4141
4147
4150
4151
4153
4154
4158
4163
4166
4168
4169
4170
4172
4173
4177
4179
4180
4181
4185
4196
4201
4206
4213
4214
4223
4224
4228
4229
4233
4236
4237
4240
4241
4244
4245
4246
4252
4254
4257
4259
4261
4265
4266
4269
4271
4276
4278
4279
4280
4282
4287
4289
4291
4293
4295
4296
4297
4298
4309
4316
4317
4324
4325
4327
4328
4329
4330
4331
4338
4339
4341
4343
4344
4346
4347
4348
4350
4351
4352
4353
4357
4358
4363
4364
4365
4374
4376
4384
4386
4395
4397
4400
4406
4407
4408
4409
4413
4414
4416
4419
4422
4424
4425
4428
4432
4436
4437
4438
4440
4446
4447
4448
4450
4452
4454
4455
4458
4465
4467
4480
4483
4486
4487
4489
4491
4492
4494
4500
4503
4509
4510
4514
4518
4519
4524
4526
4527
4528
4529
4531
4533
4535
4537
4538
4539
4540
4542
4546
4549
4550
4551
4559
4560
4561
4562
4566
4571
4577
4578
4584
4585
4590
4593
4595
4597
4598
4607
4608
4613
4614
4616
4617
4618
4621
4624
4633
4635
4642
4643
4645
4646
4650
4651
4655
4656
4657
4660
4661
4664
4665
4667
4669
4671
4674
4675
4676
4677
4680
4681
4684
4685
4695
4699
4702
4707
4710
4717
4719
4721
4722
4724
4728
4729
4742
4744
4755
4756
4760
4762
4763
4764
4765
4769
4778
4779
4780
4782
4789
4790
4796
4797
4799
4804
4807
4811
4812
4815
4817
4818
4820
4824
4827
4830
4832
4837
4839
4841
4843
4850
4851
4853
4854
4855
4857
4859
4860
4864
4865
4868
4870
4872
4873
4880
4884
4889
4891
4893
4896
4900
4901
4904
4909
4911
4913
4916
4918
4922
4928
4929
4930
4932
4934
4937
4939
4943
4950
4954
4956
4960
4961
4962
4963
4964
4965
4969
4970
4972
4975
4976
4977
4980
4983
4986
4987
4990
4991
4992
4998
5000
5002
5011
5012
5013
5014
5016
5017
5021
5022
5023
5024
5040
5041
5042
5049
5051
5055
5058
5059
5064
5067
5070
5071
5072
5073
5076
5083
5085
5086
5088
5089
5090
5094
5096
5098
5100
5101
5102
5103
5104
5105
5106
5108
5109
5111
5113
5122
5125
5126
5127
5132
5136
5140
5143
5145
5148
5154
5156
5163
5164
5166
5171
5174
5179
5187
5189
5191
5192
5195
5200
5202
5204
5205
5209
5210
5213
5217
5222
5223
5232
5235
5237
5240
5244
5247
5250
5252
5255
5256
5257
5258
5260
5261
5262
5269
5274
5275
5279
5285
5286
5289
5290
5297
5298
5302
5306
5308
5309
5310
5311
5312
5317
5318
5320
5321
5322
5324
5325
5330
5332
5336
5337
5340
5341
5346
5347
5348
5352
5353
5356
5357
5361
5362
5363
5364
5368
5372
5375
5377
5379
5386
5387
5389
5390
5395
5396
5397
5400
5405
5406
5411
5412
5414
5415
5416
5417
5418
5421
5423
5424
5426
5432
5433
5439
5442
5443
5444
5445
5446
5449
5450
5452
5456
5458
5462
5463
5467
5471
5473
5475
5482
5483
5488
5489
5493
5494
5502
5504
5506
5507
5508
5512
5523
5526
5527
5529
5531
5534
5535
5537
5538
5539
5543
5548
5549
5550
5551
5552
5553
5559
5563
5564
5566
5567
5568
5572
5573
5574
5576
5577
5578
5588
5591
5597
5600
5601
5602
5604
5605
5609
5613
5615
5617
5618
5621
5629
5632
5634
5639
5640
5643
5651
5655
5663
5664
5666
5669
5671
5673
5675
5678
5680
5681
5684
5686
5687
5688
5689
5693
5697
5700
5702
5706
5708
5715
5717
5719
5721
5722
5725
5730
5732
5733
5737
5744
5746
5749
5751
5755
5758
5759
5761
5763
5766
5769
5772
5773
5775
5777
5780
5783
5784
5785
5787
5795
5801
5803
5805
5810
5811
5818
5819
5820
5821
5825
5827
5828
5831
5833
5836
5837
5838
5839
5841
5846
5854
5856
5857
5858
5861
5864
5871
5873
5875
5876
5877
5878
5883
5886
5890
5892
5893
5894
5897
5899
5901
5902
5903
5905
5906
5907
5912
5915
5919
5921
5923
5925
5926
5930
5932
5934
5936
5937
5939
5942
5943
5944
5945
5946
5947
5950
5958
5960
5961
5964
5977
5979
5980
5982
5984
5985
5988
5991
5992
6000
6002
6003
6005
6006
6009
6010
6014
6015
6017
6023
6025
6027
6029
6038
6041
6043
6046
6050
6051
6053
6056
6064
6073
6077
6078
6080
6084
6085
6089
6091
6093
6098
6099
6100
6103
6104
6106
6108
6111
6113
6117
6120
6129
6130
6132
6135
6140
6142
6143
6148
6149
6150
6152
6154
6162
6167
6168
6170
6173
6175
6177
6179
6180
6182
6185
6190
6194
6195
6196
6198
6200
6203
6205
6208
6213
6214
6221
6223
6224
6226
6228
6229
6230
6231
6234
6237
6239
6240
6245
6251
6252
6253
6255
6257
6258
6261
6262
6264
6272
6273
6276
6278
6281
6282
6283
6286
6287
6288
6290
6291
6295
6297
6298
6299
6302
6306
6308
6311
6312
6313
6323
6325
6328
6332
6335
6336
6337
6340
6343
6346
6347
6348
6354
6355
6357
6360
6361
6363
6364
6367
6370
6371
6372
6375
6380
6381
6382
6383
6386
6388
6390
6393
6396
6397
6403
6404
6407
6409
6410
6411
6412
6414
6416
6418
6422
6425
6431
6438
6439
6447
6448
6449
6455
6456
6458
6459
6466
6468
6469
6472
6473
6474
6475
6476
6479
6481
6485
6491
6493
6498
6500
6502
6509
6510
6511
6512
6513
6515
6516
6517
6519
6521
6522
6524
6525
6526
6527
6529
6530
6536
6537
6539
6541
6542
6547
6548
6549
6551
6554
6555
6556
6557
6559
6560
6563
6565
6566
6570
6572
6573
6576
6580
6581
6584
6586
6590
6592
6593
6594
6597
6599
6601
6606
6608
6611
6615
6617
6618
6619
6622
6625
6628
6631
6632
6635
6639
6640
6641
6642
6650
6651
6656
6657
6658
6659
6660
6661
6667
6668
6669
6675
6681
6683
6686
6693
6695
6697
6703
6705
6708
6717
6723
6724
6727
6729
6731
6733
6734
6738
6739
6741
6742
6746
6750
6751
6754
6756
6757
6763
6765
6767
6768
6770
6774
6776
6778
6779
6783
6788
6790
6793
6794
6796
6800
6802
6806
6809
6811
6813
6814
6818
6821
6823
6827
6831
6835
6837
6838
6839
6840
6844
6845
6846
6847
6850
6851
6854
6859
6863
6865
6868
6873
6875
6876
6877
6878
6880
6881
6882
6885
6886
6893
6894
6899
6903
6904
6906
6910
6915
6916
6917
6920
6925
6927
6928
6931
6932
6933
6934
6935
6936
6942
6946
6947
6948
6950
6953
6956
6958
6960
6963
6969
6970
6974
6975
6977
6979
6982
6984
6985
6987
6993
6999
7001
7002
7005
7012
7013
7014
7015
7021
7022
7023
7029
7030
7031
7033
7034
7035
7036
7038
7040
7041
7042
7051
7055
7056
7059
7061
7063
7064
7069
7074
7077
7079
7084
7085
7086
7087
7088
7091
7094
7097
7098
7100
7102
7103
7105
7107
7111
7112
7113
7116
7118
7121
7124
7126
7141
7142
7143
7145
7149
7150
7151
7152
7156
7159
7161
7163
7165
7166
7173
7186
7187
7189
7190
7193
7194
7195
7197
7199
7200
7202
7203
7206
7208
7209
7211
7214
7219
7220
7223
7229
7230
7231
7232
7233
7234
7239
7240
7241
7242
7243
7245
7249
7253
7255
7256
7260
7261
7262
7265
7268
7269
7270
7271
7272
7276
7278
7279
7282
7283
7285
7289
7291
7293
7297
7298
7299
7301
7302
7308
7315
7318
7320
7321
7327
7330
7333
7334
7338
7342
7345
7348
7350
7353
7356
7358
7363
7364
7366
7368
7369
7370
7371
7372
7373
7375
7376
7377
7378
7383
7385
7387
7389
7391
7395
7396
7401
7402
7403
7404
7405
7410
7411
7414
7417
7419
7420
7421
7422
7424
7426
7427
7432
7434
7436
7437
7440
7442
7443
7445
7446
7447
7453
7454
7457
7460
7462
7463
7464
7471
7472
7475
7476
7478
7481
7482
7483
7485
7488
7493
7496
7498
7499
7500
7504
7507
7513
7516
7517
7518
7519
7524
7525
7526
7529
7531
7533
7534
7535
7536
7537
7541
7546
7551
7552
7553
7555
7556
7559
7562
7569
7574
7575
7577
7579
7580
7581
7582
7589
7591
7592
7596
7597
7599
7600
7609
7610
7616
7617
7618
7619
7620
7622
7624
7625
7626
7627
7630
7633
7634
7635
7638
7641
7642
7643
7646
7650
7651
7657
7663
7664
7665
7666
7677
7678
7680
7682
7683
7684
7686
7688
7690
7691
7692
7693
7696
7697
7699
7700
7701
7702
7705
7710
7711
7719
7720
7723
7725
7727
7728
7731
7733
7736
7742
7743
7745
7749
7750
7751
7754
7763
7764
7768
7769
7770
7774
7775
7776
7779
7781
7787
7788
7790
7791
7792
7793
7801
7803
7805
7809
7810
7817
7822
7823
7826
7827
7832
7836
7842
7845
7849
7850
7851
7853
7854
7856
7857
7861
7864
7866
7867
7871
7876
7877
7878
7881
7883
7886
7887
7890
7892
7893
7894
7895
7905
7907
7913
7921
7922
7923
7926
7928
7929
7933
7935
7936
7937
7949
7951
7952
7956
7957
7962
7964
7965
7966
7968
7969
7973
7974
7983
7984
7988
7989
7991
7994
7995
8000
8004
8008
8009
8011
8015
8018
8019
8025
8027
8029
8030
8031
8032
8036
8041
8042
8044
8046
8049
8053
8059
8060
8063
8068
8071
8072
8074
8075
8079
8080
8082
8086
8088
8090
8091
8095
8101
8104
8105
8106
8107
8117
8122
8124
8127
8128
8129
8130
8134
8135
8139
8144
8145
8148
8150
8153
8156
8159
8162
8164
8171
8173
8175
8176
8181
8185
8187
8190
8191
8193
8194
8197
8198
8199
8201
8202
8203
8207
8208
8209
8210
8211
8212
8214
8216
8218
8219
8221
8222
8226
8230
8232
8236
8237
8240
8241
8242
8244
8246
8250
8255
8256
8260
8262
8263
8264
8266
8271
8277
8280
8284
8291
8293
8294
8300
8301
8307
8312
8318
8321
8327
8328
8333
8334
8337
8340
8342
8343
8347
8349
8350
8353
8363
8365
8366
8367
8373
8379
8381
8382
8383
8384
8387
8390
8393
8395
8396
8399
8404
8407
8408
8419
8420
8424
8426
8432
8435
8436
8437
8442
8444
8447
8449
8452
8453
8455
8459
8460
8462
8463
8465
8468
8472
8474
8478
8479
8482
8484
8485
8486
8490
8493
8494
8496
8497
8503
8504
8506
8509
8522
8524
8526
8528
8529
8531
8533
8546
8547
8550
8560
8561
8562
8564
8565
8567
8570
8572
8575
8576
8581
8582
8585
8586
8587
8592
8598
8600
8601
8603
8604
8605
8608
8610
8611
8616
8618
8624
8627
8628
8637
8639
8644
8645
8646
8648
8650
8652
8663
8664
8668
8669
8677
8685
8686
8690
8691
8692
8694
8701
8704
8705
8706
8708
8710
8712
8713
8717
8720
8723
8726
8731
8734
8738
8743
8744
8749
8750
8751
8756
8757
8761
8764
8768
8769
8771
8773
8774
8779
8780
8782
8785
8789
8792
8795
8797
8798
8799
8802
8804
8807
8808
8811
8814
8815
8817
8818
8819
8820
8827
8829
8843
8844
8845
8847
8851
8853
8854
8857
8860
8862
8870
8872
8875
8877
8878
8879
8883
8884
8888
8890
8891
8895
8896
8897
8899
8900
8901
8903
8904
8908
8909
8914
8915
8917
8918
8925
8927
8928
8931
8932
8933
8934
8936
8937
8939
8943
8944
8947
8951
8953
8954
8956
8957
8958
8959
8960
8963
8965
8966
8969
8970
8973
8974
8977
8980
8983
8989
8993
8997
9000
9008
9010
9016
9018
9019
9021
9022
9023
9024
9026
9029
9030
9032
9034
9036
9037
9039
9040
9042
9044
9045
9049
9050
9054
9055
9058
9060
9066
9067
9069
9070
9071
9073
9075
9078
9079
9082
9086
9087
9088
9089
9091
9092
9093
9094
9096
9097
9101
9102
9106
9109
9112
9113
9115
9117
9127
9134
9136
9137
9138
9142
9144
9146
9147
9148
9150
9152
9155
9157
9159
9161
9165
9169
9173
9174
9175
9176
9178
9183
9188
9190
9191
9192
9193
9197
9198
9199
9203
9204
9206
9208
9210
9211
9212
9213
9214
9218
9219
9220
9223
9224
9225
9228
9232
9234
9236
9237
9239
9241
9243
9244
9246
9249
9250
9253
9255
9256
9257
9258
9259
9260
9262
9263
9264
9266
9268
9269
9270
9276
9280
9283
9284
9285
9286
9288
9289
9290
9291
9292
9293
9294
9299
9304
9305
9308
9310
9316
9317
9320
9324
9328
9330
9333
9337
9338
9340
9342
9344
9345
9346
9347
9348
9349
9357
9360
9364
9366
9368
9369
9370
9374
9377
9378
9379
9380
9382
9384
9390
9399
9402
9404
9409
9411
9414
9415
9417
9418
9420
9422
9425
9426
9427
9428
9431
9435
9436
9439
9440
9442
9443
9445
9446
9447
9449
9450
9452
9453
9454
9456
9457
9460
9463
9466
9468
9471
9472
9474
9477
9478
9479
9484
9487
9488
9490
9494
9500
9502
9504
9515
9518
9522
9526
9530
9534
9537
9538
9539
9540
9541
9544
9549
9550
9551
9553
9554
9555
9558
9559
9560
9564
9567
9571
9573
9575
9576
9578
9584
9587
9589
9590
9591
9592
9593
9595
9598
9601
9606
9607
9609
9611
9617
9618
9621
9622
9626
9628
9630
9631
9634
9637
9640
9643
9644
9649
9651
9654
9657
9658
9660
9661
9662
9664
9667
9668
9671
9674
9675
9678
9683
9684
9685
9689
9700
9703
9708
9710
9712
9713
9715
9718
9721
9722
9724
9725
9726
9728
9735
9738
9743
9744
9747
9748
9749
9751
9753
9755
9758
9763
9764
9765
9767
9768
9770
9773
9774
9777
9778
9779
9780
9781
9782
9785
9787
9791
9793
9795
9801
9803
9804
9807
9814
9815
9816
9817
9821
9823
9825
9827
9828
9831
9832
9833
9835
9838
9839
9840
9842
9843
9847
9855
9860
9862
9863
9873
9874
9877
9879
9881
9884
9885
9888
9890
9895
9897
9898
9900
9903
9904
9905
9907
9912
9913
9918
9919
9928
9930
9935
9936
9937
9939
9941
9942
9943
9946
9948
9950
9954
9955
9958
9964
9966
9967
9971
9973
9975
9984
9986
9988
9995
9996
9998
10002
10003
10004
10007
10008
10009
10010
10011
10012
10013
10015
10018
10019
10029
10033
10042
10043
10046
10050
10051
10054
10060
10064
10065
10066
10068
10069
10075
10076
10078
10079
10082
10084
10089
10091
10092
10098
10099
10100
10104
10107
10111
10113
10121
10123
10127
10130
10131
10133
10134
10135
10137
10138
10139
10142
10143
10144
10146
10156
10162
10167
10173
10174
10180
10182
10185
10186
10187
10189
10196
10197
10200
10206
10210
10215
10219
10220
10222
10223
10224
10231
10232
10233
10234
10235
10239
10240
10243
10244
10248
10251
10253
10255
10256
10258
10260
10262
10268
10269
10270
10272
10281
10285
10287
10288
10289
10290
10291
10294
10298
10301
10307
10311
10313
10314
10318
10320
10323
10325
10328
10329
10331
10344
10346
10348
10352
10354
10356
10357
10362
10363
10365
10370
10371
10372
10373
10374
10375
10376
10379
10381
10387
10389
10396
10401
10405
10406
10407
10412
10413
10414
10415
10418
10421
10424
10430
10431
10433
10434
10438
10439
10441
10443
10445
10446
10452
10453
10456
10458
10464
10466
10469
10471
10473
10475
10488
10489
10491
10492
10493
10496
10498
10503
10504
10505
10506
10508
10510
10514
10515
10517
10519
10520
10522
10523
10524
10525
10528
10531
10539
10545
10547
10548
10553
10555
10560
10562
10564
10566
10570
10575
10576
10578
10579
10580
10581
10583
10584
10586
10589
10591
10592
10593
10596
10601
10605
10606
10607
10608
10612
10613
10615
10618
10619
10620
10623
10626
10627
10629
10630
10631
10634
10640
10646
10647
10651
10652
10654
10658
10661
10663
10664
10668
10671
10676
10677
10679
10680
10683
10684
10685
10686
10690
10693
10694
10696
10697
10703
10708
10710
10715
10720
10721
10723
10724
10727
10732
10737
10739
10742
10743
10746
10748
10750
10751
10753
10756
10760
10761
10765
10767
10768
10770
10772
10776
10779
10780
10781
10782
10784
10787
10788
10791
10797
10799
10811
10812
10813
10815
10816
10819
10823
10828
10829
10831
10832
10835
10836
10838
10840
10842
10843
10846
10847
10848
10852
10854
10855
10856
10863
10864
10865
10866
10868
10869
10879
10882
10885
10890
10892
10893
10894
10895
10897
10899
10900
10901
10902
10904
10905
10907
10921
10922
10929
10930
10932
10935
10936
10939
10940
10945
10946
10948
10951
10952
10953
10954
10956
10957
10959
10961
10964
10970
10972
10976
10981
10999
11002
11004
11005
11009
11010
11014
11021
11024
11025
11026
11027
11030
11034
11037
11046
11052
11058
11059
11065
11067
11068
11073
11074
11076
11077
11078
11080
11082
11087
11090
11093
11098
11099
11103
11107
11108
11111
11114
11117
11123
11124
11128
11129
11133
11135
11136
11142
11146
11148
11149
11151
11153
11157
11159
11161
11162
11163
11166
11179
11180
11182
11184
11186
11192
11193
11199
11205
11207
11211
11212
11216
11218
11229
11231
11232
11236
11238
11240
11241
11246
11250
11254
11255
11257
11260
11262
11263
11264
11265
11266
11267
11268
11272
11273
11275
11283
11284
11285
11286
11288
11289
11291
11294
11298
11299
11303
11306
11307
11309
11311
11312
11316
11318
11321
11325
11333
11336
11337
11340
11344
11345
11350
11353
11354
11359
11364
11368
11371
11374
11378
11379
11381
11385
11391
11393
11396
11397
11400
11402
11403
11404
11405
11407
11408
11410
11413
11416
11417
11418
11420
11421
11424
11425
11428
11429
11430
11433
11434
11438
11441
11442
11446
11447
11450
11454
11455
11456
11460
11467
11468
11469
11470
11471
11474
11476
11479
11480
11482
11489
11494
11497
11499
11500
11501
11502
11503
11509
11519
11522
11523
11526
11531
11532
11533
11536
11537
11538
11539
11541
11542
11545
11547
11551
11553
11556
11560
11561
11562
11569
11572
11577
11579
11583
11584
11585
11588
11590
11593
11594
11596
11598
11599
11600
11601
11604
11606
11608
11612
11620
11624
11626
11627
11629
11638
11644
11645
11647
11648
11649
11652
11653
11660
11661
11665
11677
11678
11681
11682
11683
11689
11691
11693
11701
11703
11705
11707
11711
11714
11721
11731
11735
11738
11741
11742
11750
11752
11755
11758
11764
11765
11766
11768
11769
11773
11775
11776
11777
11784
11785
11786
11788
11789
11792
11793
11796
11797
11798
11803
11807
11818
11819
11820
11821
11822
11823
11826
11828
11829
11830
11831
11833
11835
11839
11842
11848
11853
11867
11870
11874
11882
11883
11891
11892
11893
11894
11895
11898
11899
11902
11905
11909
11910
11911
11918
11923
11924
11926
11929
11930
11931
11932
11935
11937
11938
11940
11947
11952
11953
11956
11959
11961
11964
11966
11972
11974
11978
11982
11988
11989
11991
11993
11994
11995
11996
12002
12003
12007
12012
12017
12022
12025
12026
12030
12035
12037
12042
12043
12044
12050
12058
12067
12068
12071
12074
12078
12079
12083
12086
12087
12088
12090
12094
12104
12107
12108
12110
12114
12115
12117
12124
12128
12129
12130
12131
12133
12134
12138
12139
12140
12143
12145
12149
12151
12155
12157
12161
12167
12168
12169
12171
12173
12175
12180
12181
12182
12188
12189
12194
12200
12202
12205
12208
12209
12211
12212
12216
12221
12223
12224
12225
12229
12231
12236
12237
12239
12240
12241
12244
12248
12252
12253
12254
12263
12269
12270
12272
12274
12279
12281
12283
12286
12287
12289
12290
12292
12295
12297
12299
12306
12307
12309
12312
12313
12315
12319
12320
12322
12326
12332
12336
12337
12338
12340
12344
12349
12354
12355
12356
12359
12360
12367
12368
12371
12374
12376
12382
12385
12386
12387
12393
12394
12399
12401
12405
12406
12414
12416
12419
12426
12430
12431
12432
12436
12437
12439
12441
12443
12450
12451
12454
12458
12461
12462
12464
12465
12466
12470
12473
12476
12479
12480
12481
12483
12484
12487
12488
12489
12494
12496
12500
12501
12502
12508
12509
12510
12512
12516
12522
12526
12528
12530
12531
12532
12535
12536
12538
12539
12545
12550
12552
12553
12558
12562
12565
12572
12573
12574
12575
12576
12577
12579
12582
12584
12586
12587
12588
12592
12597
12605
12606
12608
12609
12615
12616
12619
12623
12626
12627
12629
12630
12631
12632
12637
12638
12640
12641
12642
12643
12646
12649
12657
12659
12664
12668
12669
12671
12674
12676
12678
12681
12686
12687
12689
12700
12703
12704
12707
12711
12713
12715
12719
12720
12724
12726
12730
12737
12738
12747
12750
12751
12752
12757
12759
12763
12767
12775
12776
12782
12783
12785
12786
12787
12788
12792
12793
12801
12805
12806
12808
12809
12812
12824
12826
12829
12832
12833
12839
12840
12841
12847
12851
12852
12854
12859
12861
12871
12872
12873
12874
12878
12881
12890
12896
12900
12902
12906
12907
12909
12912
12915
12920
12923
12927
12929
12934
12935
12936
12939
12940
12943
12946
12950
12952
12954
12959
12960
12965
12966
12967
12969
12971
12973
12975
12978
12979
12983
12985
12994
12996
13003
13007
13010
13012
13016
13018
13020
13024
13026
13028
13029
13030
13034
13038
13047
13048
13049
13050
13054
13056
13060
13063
13066
13068
13071
13074
13076
13084
13085
13093
13097
13098
13103
13104
13106
13113
13115
13118
13120
13124
13126
13128
13131
13133
13134
13135
13136
13139
13140
13141
13142
13145
13150
13152
13154
13159
13165
13170
13172
13173
13174
13175
13177
13180
13182
13185
13187
13191
13197
13198
13199
13200
13204
13205
13206
13207
13209
13210
13212
13213
13214
13216
13217
13219
13220
13222
13229
13240
13242
13243
13245
13257
13259
13260
13262
13263
13264
13268
13269
13271
13276
13277
13279
13281
13283
13285
13287
13288
13289
13290
13291
13292
13295
13301
13302
13304
13305
13306
13308
13311
13313
13314
13316
13317
13324
13328
13331
13333
13334
13336
13337
13342
13344
13345
13346
13353
13357
13358
13359
13364
13366
13370
13372
13374
13375
13385
13386
13390
13392
13393
13395
13398
13399
13403
13404
13406
13407
13411
13414
13419
13426
13427
13429
13433
13434
13436
13437
13442
13444
13446
13449
13450
13454
13456
13457
13460
13461
13470
13474
13475
13476
13477
13481
13482
13483
13486
13487
13488
13497
13498
13499
13500
13507
13510
13511
13512
13514
13516
13518
13520
13521
13522
13524
13526
13529
13531
13536
13537
13538
13541
13542
13547
13551
13552
13556
13558
13561
13564
13566
13570
13571
13572
13578
13581
13582
13583
13586
13587
13588
13590
13592
13594
13599
13600
13607
13611
13617
13619
13620
13621
13623
13628
13629
13635
13641
13644
13645
13650
13653
13656
13657
13662
13666
13668
13671
13672
13674
13676
13680
13688
13690
13691
13692
13694
13703
13704
13705
13708
13710
13711
13712
13716
13720
13723
13728
13734
13738
13741
13747
13755
13767
13778
13779
13781
13782
13784
13788
13798
13800
13803
13805
13807
13812
13820
13824
13830
13834
13836
13838
13839
13849
13852
13853
13855
13864
13874
13875
13876
13880
13885
13888
13889
13890
13891
13892
13894
13897
13899
13901
13904
13907
13909
13910
13913
13925
13926
13927
13930
13931
13933
13938
13941
13944
13945
13947
13950
13951
13953
13954
13960
13963
13964
13965
13973
13974
13975
13980
13981
13983
13984
13986
13988
13990
13996
13998
14000
14003
14005
14006
14007
14008
14009
14010
14012
14013
14014
14018
14019
14022
14025
14026
14030
14032
14033
14034
14036
14039
14043
14044
14046
14048
14049
14050
14052
14054
14056
14062
14064
14066
14068
14069
14073
14074
14075
14078
14079
14080
14085
14086
14089
14090
14091
14092
14095
14096
14099
14100
14104
14105
14106
14110
14112
14113
14114
14115
14119
14121
14126
14127
14129
14130
14134
14137
14138
14146
14156
14164
14171
14172
14179
14185
14187
14193
14194
14201
14202
14205
14211
14213
14215
14216
14218
14223
14225
14226
14230
14231
14232
14233
14234
14235
14236
14238
14245
14248
14253
14255
14259
14262
14266
14267
14268
14273
14277
14281
14283
14287
14289
14290
14296
14298
14300
14303
14304
14308
14309
14316
14318
14323
14326
14330
14332
14333
14340
14342
14343
14345
14346
14347
14349
14350
14354
14355
14356
14359
14361
14366
14367
14374
14375
14380
14381
14384
14385
14386
14387
14399
14400
14405
14407
14411
14413
14414
14416
14418
14424
14425
14427
14430
14436
14438
14439
14441
14443
14444
14447
14450
14456
14460
14462
14463
14473
14476
14477
14478
14479
14487
14497
14498
14499
14500
14502
14504
14505
14507
14513
14515
14519
14520
14528
14530
14533
14534
14537
14539
14542
14543
14548
14549
14552
14556
14557
14558
14559
14561
14563
14564
14566
14578
14580
14581
14583
14585
14587
14589
14592
14597
14599
14601
14602
14603
14608
14610
14612
14619
14620
14621
14630
14641
14653
14658
14660
14662
14665
14668
14671
14672
14674
14675
14676
14680
14695
14698
14700
14702
14707
14715
14716
14717
14720
14722
14725
14726
14729
14731
14732
14733
14735
14736
14742
14745
14749
14753
14754
14760
14764
14770
14772
14773
14778
14785
14787
14789
14794
14798
14803
14804
14805
14807
14808
14809
14811
14813
14814
14815
14818
14819
14821
14823
14824
14827
14832
14833
14836
14839
14841
14847
14848
14850
14851
14857
14860
14861
14865
14870
14873
14875
14876
14880
14881
14882
14885
14886
14889
14893
14895
14896
14900
14906
14907
14911
14915
14922
14923
14926
14927
14930
14933
14937
14938
14942
14945
14948
14951
14952
14962
14963
14967
14969
14976
14977
14994
14999
15001
15002
15003
15004
15008
15019
15022
15025
15028
15029
15033
15035
15036
15037
15038
15039
15041
15044
15045
15047
15049
15050
15053
15055
15057
15065
15066
15068
15071
15077
15083
15085
15086
15089
15090
15098
15102
15115
15122
15123
15124
15126
15128
15131
15134
15135
15141
15142
15151
15155
15156
15164
15165
15166
15168
15171
15175
15178
15180
15181
15189
15190
15191
15195
15197
15204
15209
15211
15214
15219
15221
15222
15225
15228
15241
15242
15250
15251
15257
15259
15260
15261
15269
15274
15280
15283
15290
15291
15293
15294
15296
15297
15300
15301
15314
15319
15325
15331
15332
15334
15341
15342
15351
15352
15353
15359
15364
15366
15367
15370
15371
15373
15378
15381
15384
15388
15390
15397
15399
15401
15402
15405
15406
15414
15416
15418
15419
15424
15427
15433
15435
15440
15441
15447
15449
15451
15455
15460
15464
15465
15472
15474
15475
15476
15482
15488
15492
15495
15498
15499
15500
15501
15505
15510
15512
15513
15514
15515
15518
15528
15529
15531
15532
15533
15535
15537
15539
15543
15545
15548
15555
15558
15561
15576
15581
15585
15589
15590
15592
15595
15602
15604
15606
15607
15609
15612
15615
15619
15625
15626
15627
15634
15635
15643
15654
15656
15662
15664
15665
15670
15671
15672
15673
15674
15684
15686
15691
15695
15700
15701
15704
15705
15710
15711
15713
15714
15717
15724
15727
15728
15729
15730
15731
15734
15735
15739
15744
15745
15746
15757
15758
15759
15766
15769
15770
15784
15785
15787
15796
15798
15800
15801
15804
15808
15810
15811
15816
15817
15819
15820
15821
15828
15835
15838
15840
15846
15848
15856
15857
15860
15861
15864
15866
15867
15872
15878
15889
15890
15891
15893
15894
15895
15900
15901
15902
15903
15904
15906
15907
15908
15913
15918
15919
15922
15925
15930
15934
15941
15942
15944
15947
15950
15953
15956
15962
15963
15965
15966
15970
15976
15979
15980
15984
15985
15987
15991
15992
15993
15999
16000
16002
16003
16006
16007
16009
16013
16016
16017
16022
16024
16029
16036
16044
16050
16052
16056
16058
16060
16061
16064
16067
16070
16078
16080
16082
16083
16087
16089
16091
16092
16097
16099
16103
16113
16118
16119
16122
16124
16126
16127
16129
16133
16135
16137
16143
16152
16153
16154
16161
16162
16169
16171
16175
16179
16184
16193
16194
16195
16199
16202
16206
16209
16211
16215
16223
16224
16228
16235
16237
16238
16241
16243
16244
16253
16255
16261
16266
16267
16270
16272
16275
16280
16281
16284
16285
16292
16295
16296
16299
16302
16303
16306
16309
16315
16323
16328
16332
16335
16339
16340
16343
16344
16346
16347
16349
16350
16351
16352
16353
16357
16362
16365
16371
16372
16375
16381
16383
16384
16385
16386
16389
16395
16397
16402
16409
16415
16417
16419
16420
16422
16423
16427
16431
16438
16441
16444
16445
16446
16451
16452
16456
16457
16467
16468
16469
16471
16479
16482
16483
16485
16486
16492
16497
16498
16499
16500
16505
16507
16515
16516
16517
16521
16525
16527
16530
16531
16532
16533
16534
16536
16540
16542
16544
16545
16546
16547
16548
16553
16555
16557
16560
16564
16565
16566
16569
16570
16579
16589
16599
16607
16612
16617
16622
16623
16630
16635
16637
16641
16643
16650
16652
16653
16655
16656
16657
16661
16662
16670
16678
16681
16682
16702
16719
16720
16724
16730
16731
16740
16743
16745
16747
16748
16755
16757
16758
16761
16762
16764
16765
16766
16768
16773
16774
16777
16778
16789
16793
16800
16805
16811
16814
16816
16820
16824
16826
16828
16830
16832
16833
16840
16842
16857
16864
16868
16869
16872
16875
16877
16878
16879
16885
16889
16892
16897
16898
16899
16902
16904
16906
16907
16908
16909
16911
16912
16913
16914
16916
16919
16920
16922
16924
16927
16930
16931
16932
16935
16938
16940
16942
16953
16954
16958
16962
16967
16968
16970
16971
16976
16980
16981
16983
16985
16987
16988
16996
16999
17007
17010
17013
17015
17020
17024
17029
17030
17038
17043
17049
17050
17055
17056
17058
17061
17062
17064
17065
17067
17068
17070
17072
17078
17081
17082
17084
17085
17087
17091
17094
17098
17101
17105
17107
17108
17111
17112
17115
17116
17118
17119
17124
17129
17136
17144
17147
17151
17154
17155
17159
17167
17168
17171
17172
17177
17179
17180
17181
17184
17195
17202
17203
17204
17205
17206
17207
17208
17210
17213
17221
17227
17230
17232
17236
17237
17238
17241
17242
17247
17259
17260
17262
17268
17269
17271
17275
17278
17279
17282
17286
17289
17293
17297
17298
17302
17304
17307
17318
17325
17328
17329
17332
17334
17336
17337
17343
17344
17345
17348
17349
17357
17358
17362
17365
17377
17379
17386
17387
17390
17395
17399
17400
17401
17407
17410
17415
17420
17426
17427
17428
17430
17433
17435
17437
17440
17443
17447
17448
17452
17453
17458
17459
17460
17464
17480
17481
17483
17484
17485
17492
17493
17494
17497
17499
17500
17508
17514
17517
17523
17536
17545
17550
17555
17559
17569
17570
17572
17574
17578
17579
17580
17581
17583
17584
17586
17592
17595
17596
17599
17602
17603
17605
17606
17608
17609
17612
17615
17616
17618
17620
17623
17624
17626
17628
17629
17632
17633
17638
17639
17641
17648
17653
17657
17659
17661
17663
17666
17667
17669
17671
17674
17675
17678
17680
17681
17682
17683
17684
17685
17690
17693
17702
17705
17708
17714
17719
17721
17724
17727
17730
17731
17734
17736
17737
17738
17746
17751
17754
17755
17756
17758
17762
17763
17771
17772
17773
17774
17775
17778
17782
17793
17796
17805
17806
17808
17811
17819
17820
17821
17822
17824
17829
17832
17838
17842
17845
17846
17850
17852
17853
17854
17855
17862
17864
17878
17884
17886
17887
17888
17890
17891
17895
17897
17899
17902
17903
17907
17910
17916
17920
17926
17929
17934
17935
17937
17939
17940
17943
17950
17951
17964
17965
17966
17967
17972
17973
17974
17975
17980
17982
17984
17985
17986
17991
18003
18005
18006
18007
18008
18011
18013
18016
18024
18027
18030
18033
18038
18042
18046
18053
18055
18057
18068
18075
18091
18101
18102
18103
18107
18114
18115
18117
18118
18129
18131
18134
18135
18136
18137
18138
18140
18143
18145
18147
18151
18153
18156
18160
18163
18169
18170
18174
18175
18178
18184
18185
18195
18205
18215
18216
18217
18221
18222
18234
18238
18244
18247
18248
18253
18255
18257
18259
18261
18262
18263
18265
18267
18268
18270
18275
18278
18281
18282
18284
18287
18290
18294
18297
18298
18302
18308
18309
18314
18315
18316
18320
18321
18322
18328
18329
18336
18341
18351
18353
18354
18357
18359
18372
18377
18380
18385
18388
18389
18390
18392
18393
18400
18401
18405
18407
18408
18411
18412
18420
18423
18425
18427
18428
18434
18435
18436
18439
18446
18449
18453
18454
18461
18463
18464
18466
18469
18470
18475
18479
18480
18483
18484
18486
18489
18496
18501
18503
18506
18507
18509
18510
18513
18518
18521
18522
18524
18525
18530
18532
18533
18534
18537
18539
18546
18551
18554
18555
18558
18559
18562
18565
18568
18571
18575
18576
18579
18580
18584
18589
18592
18593
18595
18597
18601
18608
18621
18623
18624
18628
18629
18630
18631
18632
18633
18636
18637
18642
18657
18659
18661
18665
18666
18671
18675
18677
18678
18686
18696
18702
18704
18705
18707
18708
18715
18717
18723
18726
18728
18729
18732
18734
18738
18744
18748
18751
18764
18765
18768
18771
18772
18777
18781
18784
18790
18792
18794
18805
18807
18812
18813
18821
18823
18826
18827
18832
18833
18836
18843
18845
18850
18851
18854
18855
18860
18864
18866
18867
18879
18880
18881
18883
18889
18890
18893
18896
18900
18904
18906
18908
18909
18914
18915
18929
18937
18938
18949
18950
18952
18954
18956
18957
18964
18967
18970
18972
18973
18975
18980
18981
18988
18994
18998
19001
19002
19006
19009
19013
19015
19017
19018
19021
19026
19029
19041
19044
19058
19061
19063
19065
19066
19073
19075
19077
19078
19079
19081
19084
19085
19086
19090
19091
19097
19100
19103
19106
19116
19118
19121
19122
19130
19136
19137
19139
19142
19144
19147
19148
19151
19156
19165
19169
19170
19175
19181
19182
19190
19192
19195
19196
19200
19201
19208
19212
19217
19220
19224
19226
19229
19230
19232
19239
19242
19243
19246
19247
19248
19250
19251
19253
19261
19264
19265
19273
19274
19276
19286
19291
19294
19297
19298
19299
19301
19304
19307
19308
19313
19314
19315
19317
19318
19321
19333
19335
19346
19348
19349
19351
19356
19357
19360
19362
19364
19366
19367
19374
19375
19380
19381
19385
19392
19394
19399
19407
19408
19421
19423
19426
19427
19432
19436
19437
19442
19444
19449
19454
19456
19457
19461
19468
19475
19477
19482
19485
19487
19488
19492
19493
19494
19499
19501
19506
19507
19508
19510
19519
19522
19523
19524
19526
19532
19541
19542
19547
19548
19550
19551
19555
19557
19558
19566
19568
19571
19579
19580
19583
19585
19587
19591
19592
19595
19599
19601
19607
19608
19609
19611
19612
19616
19618
19630
19632
19633
19635
19640
19648
19650
19651
19655
19656
19658
19660
19662
19671
19674
19676
19678
19679
19680
19684
19694
19707
19709
19712
19713
19714
19715
19717
19720
19723
19727
19730
19731
19742
19744
19745
19748
19751
19753
19755
19758
19762
19771
19773
19775
19779
19780
19782
19785
19787
19796
19798
19804
19808
19810
19812
19813
19814
19815
19816
19820
19821
19824
19827
19829
19830
19835
19836
19837
19838
19839
19846
19847
19850
19852
19859
19862
19868
19870
19873
19875
19880
19882
19884
19886
19887
19888
19889
19899
19900
19902
19905
19910
19912
19915
19923
19925
19926
19932
19934
19944
19945
19950
19953
19956
19959
19960
19962
19972
19974
19984
19985
19992
19998
19999
20001
20004
20006
20007
20009
20010
20011
20013
20016
20018
20019
20022
20024
20025
20026
20032
20043
20044
20045
20046
20049
20051
20054
20056
20057
20059
20070
20071
20077
20078
20082
20085
20087
20091
20093
20096
20099
20102
20109
20116
20118
20120
20125
20126
20129
20130
20131
20136
20138
20143
20145
20148
20158
20160
20166
20167
20168
20171
20176
20179
20181
20183
20184
20187
20188
20189
20191
20192
20193
20194
20198
20200
20201
20203
20204
20211
20216
20217
20220
20226
20227
20229
20230
20233
20235
20236
20237
20249
20250
20253
20254
20256
20257
20258
20260
20263
20270
20271
20272
20273
20274
20276
20278
20282
20283
20285
20287
20288
20289
20290
20296
20297
20300
20302
20310
20314
20315
20317
20321
20325
20327
20330
20333
20336
20338
20340
20342
20344
20346
20354
20357
20358
20360
20362
20366
20367
20368
20375
20376
20377
20380
20384
20385
20390
20395
20396
20398
20403
20404
20406
20410
20411
20412
20421
20422
20424
20434
20436
20438
20447
20452
20455
20457
20458
20459
20460
20461
20462
20465
20466
20468
20469
20471
20472
20473
20476
20478
20482
20483
20487
20488
20489
20490
20491
20494
20496
20500
20503
20504
20507
20510
20514
20517
20518
20519
20521
20528
20537
20538
20539
20541
20543
20545
20547
20553
20559
20566
20570
20571
20576
20580
20582
20585
20586
20589
20591
20595
20599
20600
20601
20602
20605
20606
20612
20616
20620
20623
20626
20628
20629
20633
20636
20639
20642
20644
20647
20650
20651
20655
20658
20659
20663
20664
20665
20670
20675
20678
20680
20681
20683
20686
20691
20693
20699
20703
20706
20707
20709
20710
20714
20717
20718
20719
20723
20724
20732
20734
20743
20744
20745
20753
20757
20760
20765
20770
20775
20779
20783
20786
20788
20789
20790
20793
20794
20798
20802
20805
20808
20814
20815
20816
20820
20826
20827
20828
20830
20833
20836
20840
20841
20842
20850
20854
20855
20858
20860
20862
20864
20867
20868
20869
20870
20871
20872
20873
20874
20876
20877
20879
20881
20884
20885
20888
20889
20896
20900
20902
20903
20907
20908
20910
20911
20917
20918
20924
20925
20927
20928
20933
20934
20937
20940
20941
20946
20951
20953
20958
20959
20960
20961
20967
20968
20972
20975
20980
20986
20992
20997
20998
21003
21006
21007
21012
21015
21024
21025
21035
21037
21039
21044
21045
21046
21047
21051
21060
21062
21063
21064
21065
21070
21073
21076
21077
21078
21083
21084
21085
21087
21089
21091
21093
21094
21096
21097
21106
21107
21108
21109
21111
21112
21114
21116
21118
21120
21122
21128
21130
21133
21136
21138
21139
21141
21142
21145
21146
21151
21156
21158
21160
21162
21169
21170
21172
21175
21176
21177
21178
21181
21183
21185
21186
21192
21198
21199
21204
21205
21207
21209
21213
21220
21222
21227
21230
21232
21235
21236
21237
21238
21239
21241
21242
21249
21250
21253
21254
21255
21256
21258
21259
21266
21267
21268
21275
21276
21282
21283
21286
21289
21293
21297
21299
21304
21305
21309
21314
21315
21317
21318
21320
21322
21325
21327
21330
21336
21337
21342
21346
21347
21351
21354
21355
21359
21360
21362
21364
21365
21367
21370
21372
21373
21375
21377
21378
21383
21385
21386
21387
21394
21396
21397
21398
21401
21405
21410
21413
21418
21420
21427
21437
21440
21443
21447
21452
21456
21457
21463
21465
21466
21469
21472
21474
21475
21477
21481
21483
21484
21487
21488
21495
21496
21498
21501
21508
21510
21513
21523
21525
21528
21532
21537
21542
21543
21549
21555
21558
21560
21568
21576
21579
21581
21583
21585
21586
21589
21590
21591
21595
21598
21603
21605
21613
21619
21626
21627
21630
21632
21633
21637
21638
21639
21640
21641
21642
21645
21651
21653
21655
21656
21658
21659
21660
21662
21664
21671
21672
21673
21677
21680
21681
21684
21689
21690
21692
21696
21699
21703
21708
21711
21712
21717
21718
21720
21726
21729
21733
21736
21737
21740
21741
21743
21746
21750
21753
21757
21764
21765
21766
21769
21773
21774
21775
21776
21778
21779
21785
21788
21789
21791
21792
21806
21807
21808
21813
21816
21817
21821
21823
21826
21827
21828
21830
21831
21833
21841
21843
21844
21848
21849
21853
21858
21859
21864
21868
21869
21870
21872
21873
21876
21877
21880
21882
21884
21885
21890
21895
21904
21914
21918
21919
21920
21922
21923
21926
21927
21928
21935
21937
21942
21944
21946
21948
21955
21961
21963
21965
21969
21970
21977
21980
21983
21987
21989
21990
21995
22000
22001
22003
22006
22007
22023
22024
22030
22034
22035
22038
22039
22040
22053
22060
22068
22069
22073
22074
22079
22082
22086
22091
22092
22098
22100
22102
22104
22106
22108
22113
22115
22117
22119
22130
22131
22132
22133
22134
22136
22137
22139
22157
22164
22166
22171
22178
22182
22198
22200
22203
22204
22206
22209
22210
22213
22214
22216
22219
22221
22224
22230
22231
22238
22241
22251
22252
22254
22255
22257
22262
22264
22266
22267
22269
22270
22271
22273
22279
22283
22285
22291
22298
22299
22301
22302
22305
22307
22309
22310
22312
22323
22324
22328
22333
22335
22336
22340
22342
22346
22348
22351
22353
22363
22369
22370
22371
22380
22383
22387
22388
22391
22399
22401
22408
22412
22415
22417
22427
22430
22431
22432
22437
22438
22443
22449
22451
22456
22460
22463
22464
22476
22478
22483
22487
22490
22491
22492
22493
22495
22505
22509
22510
22512
22513
22515
22527
22541
22542
22546
22550
22558
22565
22566
22571
22573
22574
22582
22597
22600
22602
22603
22609
22610
22615
22617
22619
22621
22622
22625
22634
22637
22643
22645
22646
22647
22648
22651
22655
22660
22665
22668
22670
22671
22673
22674
22675
22676
22685
22688
22689
22693
22696
22698
22702
22703
22706
22711
22720
22725
22731
22732
22753
22754
22756
22766
22769
22776
22777
22778
22779
22781
22785
22791
22794
22795
22798
22801
22804
22810
22811
22815
22818
22823
22825
22828
22832
22836
22837
22842
22847
22854
22855
22868
22869
22873
22874
22876
22880
22892
22893
22894
22896
22898
22911
22914
22919
22920
22922
22923
22927
22929
22933
22938
22940
22949
22954
22959
22963
22965
22966
22968
22969
22971
22972
22973
22977
22982
22987
22990
22992
22998
23002
23004
23007
23017
23023
23034
23040
23042
23044
23046
23049
23052
23055
23062
23065
23072
23077
23085
23087
23091
23092
23093
23096
23102
23104
23106
23110
23111
23115
23116
23118
23134
23143
23145
23146
23147
23150
23168
23172
23192
23193
23194
23196
23201
23207
23211
23212
23215
23217
23218
23223
23227
23229
23234
23235
23242
23243
23248
23255
23265
23268
23272
23273
23276
23280
23281
23285
23288
23291
23296
23298
23301
23303
23310
23314
23330
23336
23341
23361
23366
23368
23370
23371
23373
23380
23382
23385
23392
23397
23401
23410
23417
23418
23423
23430
23433
23434
23435
23436
23440
23445
23450
23451
23454
23457
23458
23462
23473
23475
23488
23491
23494
23500
23501
23504
23513
23528
23541
23549
23554
23559
23564
23572
23580
23593
23601
23604
23610
23618
23623
23631
23633
23638
23643
23652
23653
23660
23674
23682
23687
23688
23691
23705
23710
23711
23713
23716
23719
23723
23732
23736
23738
23742
23759
23764
23766
23770
23773
23774
23777
23784
23788
23799
23810
23811
23821
23823
23828
23834
23835
23836
23838
23843
23848
23850
23851
23860
23862
23863
23866
23872
23878
23883
23889
23891
23894
23898
23911
23925
23927
23928
23943
23945
23950
23957
23964
23965
23966
23973
23977
23978
23982
23988
23996
24008
24012
24016
24018
24021
24032
24035
24038
24040
24042
24044
24045
24049
24055
24056
24060
24063
24071
24073
24074
24077
24088
24096
24108
24118
24123
24124
24134
24135
24136
24150
24151
24162
24167
24168
24180
24195
24202
24203
24204
24208
24209
24210
24211
24223
24227
24228
24230
24234
24238
24240
24241
24243
24247
24248
24253
24255
24257
24258
24261
24263
24265
24267
24272
24277
24287
24291
24292
24294
24296
24297
24306
24309
24313
24317
24319
24321
24322
24332
24335
24336
24337
24338
24339
24346
24347
24350
24355
24361
24370
24371
24379
24393
24397
24401
24403
24408
24411
24414
24415
24416
24417
24419
24422
24425
24443
24449
24455
24464
24471
24474
24476
24477
24481
24486
24492
24493
24499
24500
24503
24510
24512
24514
24517
24520
24523
24525
24533
24535
24536
24539
24540
24546
24548
24550
24552
24555
24564
24566
24573
24584
24586
24588
24589
24590
24592
24595
24612
24614
24616
24617
24625
24634
24640
24644
24651
24658
24662
24666
24668
24677
24696
24698
24699
24700
24701
24705
24710
24715
24721
24733
24736
24738
24742
24750
24752
24760
24761
24762
24771
24778
24779
24787
24793
24797
24799
24804
24807
24810
24816
24827
24837
24844
24846
24852
24854
24855
24856
24858
24859
24860
24862
24864
24867
24869
24870
24877
24883
24886
24889
24893
24901
24903
24904
24907
24909
24922
24923
24926
24929
24937
24938
24941
24942
24944
24945
24952
24954
24958
24965
24967
24969
24971
24982
24984
24987
24988
24991
24997
25000
