6
38
79
103
159
234
296
315
592
655
1012
1035
1040
1308
1319
1337
1414
1496
1594
1595
1596
1639
1696
1771
1851
1989
2022
2036
2195
2388
2462
2527
2581
2806
2942
2981
2992
3017
3281
3328
3406
3617
3714
3755
3756
3904
3955
3962
3963
4010
4061
4113
4159
4243
4340
4402
4443
4516
4534
4816
4902
5005
5025
5082
5119
5146
5147
5188
5249
5278
5299
5492
5625
5682
5716
5770
5789
5835
5855
5900
6197
6293
6318
6344
6392
6428
6443
6446
6450
6465
6480
6501
6507
6653
6696
6704
6718
6721
6722
6744
6820
7016
7044
7095
7099
7110
7117
7119
7120
7136
7144
7148
7158
7205
7264
7325
7347
7352
7452
7456
7510
7544
7560
7564
7588
7623
7660
7709
7719
7739
7740
7778
7783
7786
7821
7834
7869
7897
7899
7911
7931
7982
7985
7987
8021
8065
8084
8098
8102
8110
8113
8136
8155
8166
8172
8265
8267
8281
8287
8317
8332
8352
8354
8358
8376
8403
8405
8421
8439
8466
8467
8491
8495
8523
8525
8548
8563
8591
8667
8676
8687
8697
8715
8716
8730
8737
8753
8840
8841
8846
8941
8952
9004
9007
9014
9043
9056
9062
9080
9145
9217
9231
9245
9247
9248
9277
9295
9393
9459
9476
9511
9608
9666
9766
9784
9788
9792
9813
9836
9894
9915
9926
9961
9982
10021
10030
10036
10037
10160
10172
10228
10305
10309
10384
10436
10459
10472
10482
10495
10500
10526
10561
10653
10733
10758
10777
10802
10841
10853
10877
10883
10891
10955
10986
10988
11019
11039
11169
11181
11190
11227
11239
11258
11326
11330
11342
11412
11448
11514
11566
11570
11575
11586
11595
11609
11637
11655
11656
11657
11673
11674
11699
11712
11719
11759
11760
11763
11800
11802
11816
11840
11841
11849
11869
12013
12014
12056
12060
12091
12146
12203
12218
12228
12235
12259
12317
12423
12511
12557
12560
12585
12593
12602
12625
12648
12653
12702
12766
12810
12821
12844
12845
12875
12883
12901
12921
12928
13033
13094
13108
13110
13111
13178
13244
13255
13265
13322
13330
13340
13453
13463
13469
13554
13573
13668
13675
13685
13706
13715
13764
13802
13846
13848
13859
13871
13920
13921
13939
13943
13969
14011
14058
14060
14065
14076
14101
14102
14108
14131
14140
14212
14227
14275
14315
14322
14331
14364
14404
14409
14455
14491
14495
14512
14574
14606
14607
14609
14613
14646
14656
14748
14752
14755
14800
14816
14894
14897
14904
14921
14924
14950
14991
14996
15024
15064
15095
15103
15108
15130
15137
15158
15163
15185
15202
15233
15253
15272
15275
15292
15316
15358
15361
15423
15428
15439
15442
15461
15469
15491
15511
15527
15530
15557
15574
15575
15587
15628
15637
15667
15676
15719
15807
15815
15871
15926
15975
15981
15994
15998
16069
16071
16101
16131
16146
16155
16166
16167
16177
16192
16196
16203
16278
16279
16287
16288
16293
16298
16316
16319
16322
16324
16326
16379
16396
16407
16432
16454
16460
16505
16554
16556
16580
16633
16645
16668
16685
16698
16709
16737
16744
16784
16863
16873
16881
16888
16918
16926
16955
16977
17016
17051
17089
17090
17109
17110
17122
17123
17130
17138
17148
17183
17196
17308
17327
17340
17360
17394
17404
17414
17456
17540
17552
17561
17562
17564
17707
17717
17748
17750
17752
17785
17801
17826
17847
17872
17928
17971
18002
18022
18026
18049
18054
18070
18071
18073
18112
18116
18139
18149
18155
18157
18189
18202
18228
18249
18252
18311
18333
18334
18368
18373
18379
18440
18447
18455
18458
18473
18499
18540
18541
18567
18599
18620
18622
18639
18654
18697
18742
18750
18761
18782
18791
18819
18825
18871
18873
18921
18922
18926
18943
18955
18968
18990
18995
19003
19087
19115
19161
19197
19217
19218
19241
19257
19303
19310
19327
19343
19359
19369
19388
19411
19504
19552
19586
19622
19639
19672
19673
19689
19786
19795
19811
19823
19845
19853
19856
19863
19865
19867
19958
20000
20065
20106
20140
20175
20225
20244
20308
20312
20326
20328
20347
20351
20387
20431
20440
20451
20453
20456
20463
20569
20617
20657
20698
20727
20728
20751
20756
20950
20971
21010
21135
21173
21182
21431
21438
21499
21748
21755
21802
21805
21897
21929
21974
21993
22027
22050
22094
22185
22377
22392
22419
22462
22470
22481
22498
22536
22620
22650
22653
22690
22713
22782
22783
22785
22790
22871
22906
22936
22941
22961
22989
23005
23048
23059
23089
23097
23099
23153
23154
23169
23177
23188
23197
23199
23210
23259
23260
23294
23300
23308
23346
23374
23404
23407
23409
23411
23413
23416
23493
23495
23497
23516
23551
23555
23570
23576
23584
23589
23603
23622
23636
23668
23672
23676
23799
23841
23912
23914
23920
23938
23955
23975
23980
24010
24023
24137
24178
24190
24197
24219
24239
24259
24270
24300
24310
24323
24359
24362
24378
24396
24406
24413
24420
24501
24526
24572
24609
24643
24661
24672
24711
24719
24769
24785
24790
24819
24848
24875
24928
24953
