16
36
88
92
101
106
152
175
178
241
265
329
359
362
391
427
465
510
549
587
606
621
632
637
647
706
710
713
730
749
755
776
777
868
918
944
978
980
989
999
1012
1048
1116
1130
1188
1253
1261
1301
1306
1320
1355
1404
1422
1445
1446
1484
1550
1598
1599
1633
1643
1727
1739
1741
1752
1830
1831
1872
1890
1919
2037
2100
2167
2171
2174
2198
2203
2225
2426
2430
2441
2442
2467
2497
2576
2609
2651
2707
2717
2781
2785
2799
2806
2829
2842
2846
2945
2964
2969
3011
3013
3037
3066
3088
3094
3207
3250
3343
3365
3423
3456
3538
3548
3561
3581
3590
3652
3670
3677
3704
3730
3756
3780
3852
3871
3893
3989
4072
4105
4161
4205
4215
4220
4260
4368
4379
4380
4399
4401
4410
4439
4442
4495
4517
4534
4580
4596
4629
4679
4704
4711
4713
4726
4745
4846
4848
4906
4919
4959
4966
5029
5044
5057
5099
5144
5146
5170
5177
5183
5219
5281
5291
5296
5300
5304
5358
5440
5460
5470
5474
5503
5558
5575
5583
5595
5660
5696
5699
5788
5791
5794
5799
5802
5813
5840
5843
5867
5880
5882
5910
5941
5993
5995
6032
6036
6086
6118
6124
6147
6157
6171
6235
6236
6319
6413
6426
6437
6453
6454
6478
6508
6532
6534
6550
6552
6577
6604
6647
6685
6688
6699
6700
6701
6805
6817
6824
6862
6913
6930
6951
6955
6965
6971
6998
7046
7076
7128
7168
7188
7225
7236
7252
7429
7530
7538
7576
7632
7753
7766
7767
7795
7825
7839
7924
7932
7941
7958
7971
7972
7975
7981
7985
8017
8056
8149
8182
8220
8234
8239
8247
8249
8251
8272
8285
8287
8315
8320
8325
8336
8339
8364
8369
8370
8371
8377
8386
8392
8413
8521
8537
8612
8615
8620
8623
8659
8670
8675
8676
8689
8697
8699
8735
8738
8739
8752
8803
8822
8823
8831
8834
8861
8880
8881
8910
8913
8949
8950
8972
8991
9035
9084
9119
9149
9164
9181
9187
9248
9267
9271
9273
9277
9278
9279
9341
9349
9350
9371
9421
9469
9533
9586
9588
9619
9647
9648
9650
9711
9762
9771
9772
9796
9864
9878
9886
9899
9901
9902
9961
9974
9978
9987
10000
10016
10026
10030
10031
10059
10088
10152
10159
10170
10172
10177
10245
10271
10274
10280
10296
10347
10349
10353
10355
10386
10409
10417
10427
10559
10616
10681
10775
10810
10830
11053
11066
11079
11106
11112
11171
11295
11313
11330
11334
11392
11449
11458
11475
11530
11631
11643
11651
11675
11690
11712
11717
11719
11728
11734
11763
11767
11791
11960
11965
11967
12041
12059
12075
12120
12201
12235
12243
12301
12365
12381
12388
12392
12412
12434
12447
12477
12537
12541
12556
12594
12633
12694
12760
12838
12957
12977
12993
13031
13059
13089
13111
13227
13239
13249
13296
13329
13381
13447
13472
13563
13580
13602
13615
13718
13730
13751
13769
13935
13940
14058
14076
14084
14087
14111
14123
14174
14200
14214
14398
14429
14432
14466
14475
14649
14714
14816
14869
14905
14918
14928
14931
14935
14936
14944
14954
14959
14978
14980
14981
14982
14997
15020
15160
15233
15270
15280
15303
15327
15456
15522
15550
15568
15685
15692
15752
15760
15767
15791
15793
15794
15964
15975
16018
16176
16256
16361
16403
16416
16435
16455
16558
16559
16597
16668
16692
16727
16770
16772
16775
16849
16936
16957
17270
17301
17418
17530
17601
17723
17748
18032
18054
18088
18113
18154
18158
18161
18167
18203
18280
18284
18362
18499
18645
18746
18806
18825
18958
18961
18966
19048
19062
19064
19140
19184
19228
19245
19343
19393
19460
19491
19593
19613
19778
19825
19968
20044
20154
20202
20341
20386
20407
20414
20448
20529
20574
20748
20769
20832
20920
20943
20982
21153
21201
21306
21441
21502
21530
21612
21657
21755
21929
22027
22031
22076
22112
22280
22317
22341
22374
22474
22518
22653
22677
22716
22729
22745
23009
23097
23160
23413
23424
23535
23565
23626
23793
23798
23918
23994
24026
24075
24085
24163
24189
24214
24251
24356
24580
24618
24619
24630
24657
24690
24706
24843
24884
24932
