1
12
26
39
41
51
55
75
86
98
99
104
105
110
126
134
142
153
155
168
176
177
181
183
185
197
200
209
210
212
215
216
222
229
244
257
263
271
273
283
301
313
322
330
332
333
334
346
353
354
363
365
374
375
383
386
390
394
397
398
404
407
424
432
433
435
450
451
457
461
466
472
474
480
495
507
512
513
522
545
547
548
551
555
556
567
586
593
595
604
620
623
626
633
635
636
640
644
660
666
668
670
672
681
686
693
698
701
707
721
725
735
756
758
761
765
774
780
786
789
809
810
819
822
827
829
835
837
840
844
854
856
868
874
888
895
901
906
907
908
914
929
935
938
939
943
947
964
965
971
972
976
981
994
1016
1017
1019
1020
1028
1029
1041
1045
1046
1049
1055
1059
1064
1067
1071
1076
1079
1080
1083
1084
1087
1107
1117
1121
1125
1132
1133
1135
1141
1142
1146
1148
1156
1180
1181
1183
1185
1189
1190
1193
1200
1201
1224
1226
1233
1235
1238
1245
1248
1250
1254
1255
1258
1262
1266
1270
1272
1277
1278
1280
1281
1285
1294
1297
1299
1300
1312
1315
1318
1321
1330
1332
1359
1360
1362
1369
1371
1376
1382
1391
1392
1393
1395
1397
1401
1405
1406
1409
1421
1433
1434
1447
1453
1455
1463
1474
1476
1477
1482
1485
1494
1497
1501
1504
1511
1517
1519
1524
1525
1528
1532
1533
1535
1536
1545
1553
1563
1571
1573
1575
1582
1583
1585
1602
1609
1610
1613
1621
1622
1635
1641
1642
1648
1659
1662
1664
1665
1693
1701
1706
1710
1718
1722
1725
1736
1754
1759
1774
1776
1777
1785
1786
1789
1813
1818
1819
1833
1838
1840
1850
1853
1855
1856
1858
1862
1866
1870
1875
1876
1879
1882
1888
1895
1896
1897
1900
1910
1911
1925
1928
1933
1934
1945
1971
1973
1984
1991
2004
2010
2024
2025
2032
2033
2038
2042
2057
2070
2074
2084
2087
2090
2097
2098
2099
2101
2102
2115
2116
2126
2135
2137
2143
2145
2153
2162
2169
2179
2180
2191
2197
2200
2207
2209
2233
2237
2246
2253
2258
2266
2269
2273
2276
2289
2290
2292
2307
2309
2313
2319
2320
2328
2339
2341
2344
2345
2346
2347
2350
2354
2359
2367
2368
2372
2375
2376
2380
2384
2389
2397
2401
2412
2415
2422
2427
2434
2437
2440
2445
2448
2450
2461
2471
2476
2477
2478
2480
2483
2484
2489
2495
2501
2506
2508
2513
2514
2519
2524
2543
2546
2558
2563
2568
2569
2574
2579
2623
2624
2625
2635
2636
2652
2664
2667
2671
2682
2689
2691
2696
2706
2709
2711
2714
2715
2724
2725
2734
2741
2743
2747
2774
2783
2785
2791
2792
2814
2824
2827
2841
2857
2859
2860
2862
2869
2873
2882
2884
2885
2892
2898
2903
2911
2912
2916
2927
2929
2940
2948
2957
2965
2971
2972
2974
2984
2987
2989
3018
3019
3020
3022
3029
3034
3039
3042
3050
3061
3070
3072
3077
3081
3084
3085
3093
3096
3097
3098
3100
3102
3103
3105
3108
3126
3127
3128
3136
3142
3147
3153
3159
3161
3165
3176
3177
3180
3184
3186
3188
3189
3191
3193
3195
3199
3209
3210
3212
3225
3236
3248
3257
3259
3265
3266
3269
3271
3291
3307
3320
3322
3331
3338
3339
3340
3342
3345
3358
3359
3367
3368
3374
3383
3384
3389
3392
3394
3396
3402
3403
3405
3407
3410
3411
3413
3414
3418
3420
3421
3422
3427
3429
3430
3434
3436
3437
3440
3447
3455
3459
3463
3476
3485
3502
3514
3524
3530
3533
3543
3550
3551
3552
3553
3566
3569
3573
3574
3576
3582
3583
3584
3591
3599
3600
3602
3604
3608
3618
3620
3629
3631
3636
3639
3643
3647
3649
3650
3660
3680
3682
3683
3688
3693
3706
3710
3712
3723
3729
3753
3758
3761
3783
3784
3791
3801
3803
3804
3809
3819
3823
3824
3825
3844
3846
3848
3858
3866
3868
3873
3875
3878
3879
3894
3911
3919
3923
3931
3933
3937
3938
3967
3969
3973
3980
3992
3993
4003
4015
4020
4024
4028
4029
4038
4041
4044
4053
4060
4065
4076
4080
4090
4104
4116
4122
4124
4125
4126
4130
4141
4142
4168
4170
4177
4178
4184
4195
4196
4201
4213
4214
4215
4219
4221
4223
4227
4228
4236
4240
4244
4248
4254
4256
4262
4264
4266
4267
4268
4271
4276
4282
4289
4290
4294
4309
4310
4315
4317
4319
4322
4338
4339
4341
4342
4343
4348
4352
4377
4378
4397
4405
4407
4408
4414
4416
4417
4419
4424
4425
4438
4444
4448
4449
4450
4454
4455
4458
4474
4476
4487
4510
4515
4520
4522
4529
4531
4535
4539
4546
4581
4584
4593
4598
4604
4614
4635
4646
4651
4652
4656
4657
4666
4676
4678
4683
4686
4691
4695
4702
4710
4752
4755
4764
4765
4767
4782
4795
4796
4798
4802
4804
4824
4836
4841
4855
4859
4860
4861
4862
4866
4871
4872
4876
4877
4887
4888
4893
4896
4897
4900
4909
4910
4916
4918
4924
4926
4928
4929
4935
4936
4944
4946
4947
4956
4973
4980
4986
4988
4989
4991
4992
4996
4998
5017
5022
5033
5042
5046
5058
5062
5073
5077
5085
5096
5102
5103
5106
5108
5109
5118
5125
5128
5138
5150
5166
5174
5179
5184
5187
5189
5191
5192
5195
5202
5206
5207
5209
5226
5246
5250
5255
5269
5274
5285
5287
5290
5293
5294
5297
5305
5318
5336
5340
5346
5349
5355
5368
5379
5380
5390
5396
5397
5398
5410
5412
5415
5421
5423
5432
5438
5443
5461
5501
5506
5517
5523
5525
5527
5530
5540
5543
5548
5549
5564
5566
5571
5577
5578
5586
5599
5601
5603
5604
5606
5612
5613
5614
5620
5640
5642
5643
5647
5651
5655
5666
5683
5686
5693
5710
5719
5721
5725
5739
5741
5743
5744
5745
5750
5751
5759
5767
5773
5781
5785
5809
5814
5818
5819
5823
5825
5831
5846
5853
5856
5865
5870
5872
5873
5876
5877
5890
5891
5894
5901
5938
5947
5966
5969
5970
5974
5984
5985
5991
6007
6014
6015
6016
6025
6028
6029
6035
6042
6054
6062
6071
6072
6077
6081
6083
6096
6098
6102
6104
6107
6110
6113
6119
6125
6139
6140
6142
6150
6153
6154
6178
6179
6180
6181
6189
6194
6208
6221
6223
6228
6262
6274
6275
6278
6283
6291
6298
6304
6311
6337
6340
6342
6343
6350
6354
6360
6362
6363
6367
6371
6374
6375
6382
6400
6417
6420
6421
6431
6432
6439
6441
6449
6456
6457
6470
6481
6482
6502
6506
6511
6513
6514
6515
6519
6520
6521
6524
6527
6540
6541
6543
6548
6549
6553
6560
6566
6573
6578
6580
6581
6582
6584
6592
6594
6614
6626
6641
6649
6650
6655
6673
6686
6710
6717
6720
6722
6724
6729
6731
6734
6739
6746
6747
6751
6755
6758
6761
6778
6782
6801
6806
6809
6813
6821
6825
6834
6838
6840
6844
6846
6847
6849
6850
6851
6854
6861
6865
6870
6876
6877
6885
6886
6891
6897
6901
6924
6935
6936
6940
6942
6953
6970
6975
6978
6981
7005
7012
7020
7021
7035
7040
7049
7050
7054
7065
7077
7081
7086
7091
7112
7134
7141
7143
7153
7163
7166
7185
7194
7197
7203
7207
7208
7217
7234
7235
7241
7242
7245
7253
7254
7255
7257
7270
7272
7280
7289
7298
7301
7307
7308
7314
7315
7316
7334
7353
7363
7368
7370
7371
7375
7377
7393
7402
7403
7421
7424
7426
7427
7437
7447
7450
7454
7462
7464
7471
7500
7506
7509
7513
7518
7519
7524
7525
7533
7551
7557
7589
7592
7600
7607
7625
7627
7630
7648
7651
7652
7664
7677
7684
7688
7699
7710
7720
7723
7742
7748
7749
7751
7762
7770
7772
7774
7785
7790
7791
7793
7801
7803
7815
7823
7826
7845
7853
7856
7857
7862
7875
7891
7928
7934
7941
7948
7949
7959
7973
7974
7977
7990
7991
8000
8003
8006
8018
8019
8062
8072
8074
8089
8090
8101
8121
8122
8137
8144
8145
8148
8154
8160
8174
8175
8177
8188
8197
8199
8201
8202
8203
8204
8206
8208
8217
8221
8240
8245
8256
8257
8259
8263
8273
8279
8283
8296
8300
8301
8307
8312
8314
8316
8327
8337
8342
8345
8357
8374
8384
8387
8391
8402
8408
8442
8478
8479
8487
8497
8498
8508
8511
8517
8522
8550
8558
8562
8565
8586
8587
8592
8596
8604
8607
8608
8610
8617
8624
8627
8636
8639
8647
8650
8652
8654
8663
8666
8690
8698
8708
8710
8712
8717
8720
8725
8742
8749
8779
8787
8791
8807
8815
8820
8824
8827
8857
8858
8859
8896
8897
8914
8915
8925
8926
8936
8937
8938
8943
8944
8951
8955
8956
8966
8969
8995
9000
9008
9012
9019
9036
9044
9046
9049
9069
9091
9095
9103
9110
9117
9125
9133
9137
9150
9155
9156
9160
9168
9171
9174
9175
9183
9198
9199
9200
9204
9208
9210
9212
9216
9220
9225
9226
9239
9256
9261
9264
9283
9286
9289
9291
9292
9296
9300
9320
9328
9330
9338
9357
9369
9377
9383
9384
9391
9406
9420
9426
9439
9440
9441
9442
9443
9449
9452
9460
9463
9468
9475
9484
9499
9513
9515
9519
9522
9534
9535
9536
9543
9544
9559
9561
9570
9595
9601
9612
9614
9618
9626
9628
9652
9653
9654
9660
9662
9663
9664
9667
9675
9684
9687
9688
9697
9710
9713
9714
9723
9724
9726
9730
9731
9733
9735
9747
9749
9753
9764
9770
9780
9781
9791
9794
9797
9800
9804
9807
9809
9814
9815
9816
9826
9830
9832
9833
9835
9840
9847
9854
9868
9873
9879
9897
9903
9909
9942
9944
9954
9960
9981
9996
10002
10004
10006
10008
10019
10029
10042
10046
10048
10050
10069
10071
10100
10107
10109
10131
10134
10144
10146
10148
10161
10162
10164
10178
10184
10188
10194
10201
10207
10215
10225
10227
10233
10234
10246
10255
10260
10281
10284
10289
10301
10345
10346
10348
10354
10359
10360
10363
10371
10373
10375
10377
10396
10397
10402
10414
10415
10416
10419
10424
10431
10432
10443
10451
10455
10473
10475
10476
10481
10482
10489
10494
10498
10500
10503
10504
10510
10514
10517
10533
10534
10536
10540
10541
10545
10548
10564
10568
10578
10580
10585
10605
10606
10607
10608
10612
10618
10631
10634
10643
10650
10658
10663
10669
10671
10685
10713
10727
10735
10737
10743
10747
10749
10768
10776
10779
10781
10782
10785
10787
10792
10795
10796
10798
10799
10800
10802
10807
10834
10847
10849
10865
10873
10879
10881
10882
10886
10893
10894
10929
10932
10936
10937
10938
10948
10951
10957
10978
10984
10985
10992
11002
11008
11010
11014
11018
11023
11037
11046
11047
11055
11056
11059
11068
11078
11082
11099
11103
11114
11123
11140
11141
11154
11157
11162
11182
11193
11198
11218
11227
11229
11231
11241
11248
11250
11256
11264
11265
11267
11269
11271
11273
11279
11284
11286
11293
11294
11296
11297
11301
11303
11312
11315
11316
11335
11336
11349
11364
11375
11388
11401
11403
11406
11408
11414
11417
11418
11432
11440
11446
11450
11455
11467
11472
11480
11482
11485
11488
11491
11499
11501
11509
11511
11527
11534
11538
11563
11572
11584
11587
11596
11602
11613
11623
11633
11634
11638
11648
11653
11662
11667
11681
11703
11721
11722
11729
11736
11771
11772
11773
11774
11775
11804
11812
11814
11831
11836
11852
11862
11871
11880
11881
11882
11886
11888
11891
11892
11898
11901
11905
11906
11908
11925
11932
11940
11943
11947
11952
11959
11970
11979
11981
11982
11994
12017
12037
12040
12043
12050
12061
12065
12068
12071
12078
12083
12087
12098
12102
12115
12124
12126
12134
12140
12145
12151
12154
12155
12171
12209
12211
12216
12218
12223
12226
12234
12248
12260
12268
12271
12292
12309
12311
12319
12325
12326
12327
12328
12338
12344
12345
12347
12358
12360
12367
12374
12379
12382
12397
12412
12415
12417
12419
12430
12432
12439
12445
12449
12451
12453
12476
12478
12480
12487
12491
12508
12509
12520
12522
12531
12535
12536
12539
12548
12550
12572
12576
12579
12589
12598
12607
12609
12616
12621
12625
12630
12638
12640
12642
12656
12659
12662
12670
12672
12676
12678
12680
12681
12686
12692
12699
12701
12714
12727
12730
12732
12742
12750
12757
12764
12775
12777
12782
12832
12861
12864
12874
12878
12881
12886
12887
12900
12904
12933
12935
12946
12956
12959
12976
12979
12983
12989
12994
13002
13008
13013
13014
13021
13045
13047
13056
13063
13068
13069
13072
13076
13083
13084
13086
13103
13106
13107
13113
13114
13118
13126
13133
13142
13161
13184
13196
13197
13200
13203
13210
13214
13217
13222
13230
13232
13237
13243
13248
13249
13259
13260
13263
13264
13267
13268
13269
13271
13272
13275
13277
13281
13284
13285
13288
13290
13291
13302
13304
13309
13317
13318
13324
13334
13346
13347
13357
13366
13374
13375
13379
13388
13389
13398
13415
13442
13448
13449
13450
13465
13468
13475
13481
13502
13506
13510
13512
13513
13514
13516
13519
13520
13524
13525
13529
13530
13534
13536
13537
13542
13558
13559
13560
13561
13569
13572
13576
13604
13613
13636
13644
13650
13655
13664
13667
13674
13676
13680
13687
13701
13705
13707
13716
13724
13732
13733
13738
13745
13753
13768
13771
13778
13783
13784
13787
13792
13795
13800
13810
13813
13815
13827
13832
13837
13838
13842
13851
13853
13862
13875
13890
13899
13905
13917
13926
13929
13931
13933
13951
13955
13963
13964
13966
13974
13975
13979
13980
13981
13984
13985
13990
14000
14001
14007
14013
14023
14024
14027
14030
14073
14086
14089
14091
14094
14095
14112
14115
14130
14137
14139
14141
14146
14155
14160
14162
14168
14173
14176
14180
14185
14205
14210
14218
14225
14233
14243
14245
14255
14262
14269
14276
14283
14287
14294
14301
14302
14307
14309
14317
14325
14326
14327
14333
14340
14341
14343
14346
14359
14363
14365
14369
14370
14375
14386
14395
14399
14400
14412
14417
14424
14436
14438
14443
14473
14474
14476
14478
14479
14497
14502
14505
14520
14521
14524
14525
14527
14530
14533
14535
14536
14546
14548
14559
14561
14565
14566
14571
14573
14575
14582
14590
14597
14602
14603
14605
14618
14622
14625
14626
14645
14661
14671
14675
14677
14691
14706
14708
14710
14712
14721
14722
14736
14742
14757
14761
14767
14772
14782
14785
14801
14807
14824
14828
14842
14857
14860
14881
14882
14885
14888
14908
14911
14912
14915
14918
14921
14926
14929
14932
14933
14945
14952
14953
14962
14966
14969
14977
14989
14992
15004
15023
15025
15027
15033
15039
15040
15041
15045
15060
15062
15072
15077
15089
15094
15099
15111
15113
15117
15122
15125
15143
15151
15156
15157
15159
15162
15169
15177
15178
15180
15181
15187
15191
15201
15213
15215
15217
15218
15222
15225
15228
15229
15230
15232
15238
15243
15250
15266
15309
15310
15312
15314
15324
15329
15331
15340
15343
15344
15359
15364
15365
15371
15373
15384
15391
15408
15416
15417
15424
15433
15437
15440
15449
15456
15458
15464
15465
15467
15468
15475
15482
15488
15526
15527
15541
15545
15553
15554
15560
15563
15564
15591
15592
15605
15608
15615
15616
15618
15619
15627
15642
15643
15649
15652
15664
15665
15668
15673
15674
15677
15682
15689
15690
15695
15697
15699
15708
15717
15719
15726
15730
15731
15734
15739
15745
15756
15769
15777
15784
15785
15787
15804
15808
15811
15813
15816
15823
15828
15833
15838
15840
15856
15857
15860
15866
15879
15888
15892
15893
15894
15897
15913
15920
15924
15930
15934
15942
15946
15947
15953
15957
15962
15963
15968
15979
15987
15991
15992
15993
16002
16003
16005
16006
16012
16019
16021
16033
16036
16047
16049
16053
16054
16058
16059
16067
16077
16091
16092
16096
16103
16104
16105
16108
16125
16148
16154
16168
16169
16184
16190
16193
16207
16224
16226
16227
16228
16237
16238
16241
16244
16251
16263
16270
16271
16277
16281
16283
16285
16295
16299
16302
16303
16306
16321
16327
16328
16334
16338
16355
16370
16385
16386
16391
16394
16395
16397
16410
16413
16419
16423
16427
16433
16434
16438
16439
16442
16444
16453
16457
16469
16472
16480
16481
16491
16495
16496
16498
16517
16521
16525
16532
16533
16539
16541
16548
16552
16553
16560
16564
16565
16567
16569
16570
16576
16581
16590
16592
16599
16604
16614
16615
16618
16619
16625
16643
16653
16654
16655
16657
16661
16664
16665
16667
16675
16677
16682
16695
16708
16719
16721
16729
16736
16738
16740
16743
16747
16748
16751
16752
16768
16774
16779
16787
16789
16793
16797
16799
16803
16804
16814
16820
16829
16833
16834
16838
16848
16856
16857
16859
16868
16870
16879
16896
16897
16899
16903
16906
16909
16910
16912
16921
16924
16925
16936
16938
16940
16948
16951
16970
16974
16979
16983
16986
16990
16993
17001
17005
17007
17028
17037
17045
17047
17049
17050
17053
17056
17065
17073
17075
17078
17080
17082
17083
17088
17095
17099
17100
17107
17108
17121
17124
17127
17136
17152
17154
17164
17167
17171
17185
17205
17226
17228
17238
17239
17245
17249
17251
17262
17266
17275
17286
17290
17293
17297
17306
17308
17309
17319
17323
17325
17326
17328
17329
17331
17341
17343
17346
17347
17350
17352
17358
17365
17366
17367
17377
17384
17385
17386
17388
17393
17406
17410
17420
17421
17422
17432
17438
17442
17452
17460
17463
17465
17467
17470
17471
17477
17480
17481
17482
17484
17493
17495
17503
17506
17508
17511
17523
17527
17535
17545
17556
17563
17564
17569
17571
17573
17574
17575
17585
17586
17606
17607
17615
17620
17639
17648
17656
17657
17658
17659
17661
17666
17667
17673
17684
17688
17691
17702
17705
17706
17708
17725
17727
17730
17731
17736
17738
17740
17741
17755
17756
17767
17768
17771
17772
17773
17775
17780
17786
17805
17808
17818
17822
17824
17829
17832
17833
17834
17840
17842
17850
17851
17853
17866
17873
17874
17883
17887
17891
17899
17900
17902
17906
17909
17910
17911
17918
17921
17929
17940
17949
17960
17961
17962
17963
17989
18005
18010
18011
18027
18050
18055
18068
18075
18081
18086
18087
18101
18102
18105
18109
18110
18111
18130
18131
18135
18145
18148
18163
18169
18175
18184
18190
18194
18204
18211
18246
18255
18259
18260
18265
18269
18270
18271
18272
18275
18284
18292
18295
18300
18307
18321
18328
18329
18347
18352
18354
18361
18372
18381
18393
18394
18395
18413
18428
18435
18460
18468
18484
18496
18502
18513
18514
18519
18522
18526
18532
18537
18539
18551
18552
18555
18558
18562
18585
18594
18600
18628
18629
18632
18633
18637
18638
18652
18666
18674
18675
18676
18678
18679
18701
18704
18716
18722
18733
18751
18768
18775
18776
18777
18781
18786
18801
18818
18821
18823
18835
18838
18840
18845
18857
18866
18867
18869
18872
18874
18876
18882
18898
18915
18938
18946
18949
18953
18979
18980
18988
18990
18998
19002
19008
19013
19015
19018
19021
19023
19029
19031
19047
19049
19057
19059
19061
19063
19065
19066
19069
19086
19088
19096
19100
19116
19118
19121
19123
19127
19129
19130
19133
19138
19151
19153
19154
19156
19159
19168
19170
19181
19183
19191
19193
19201
19204
19224
19238
19251
19262
19274
19286
19297
19305
19307
19312
19314
19316
19317
19318
19320
19336
19338
19345
19349
19352
19356
19357
19361
19383
19385
19386
19416
19425
19431
19437
19446
19454
19457
19458
19468
19470
19473
19477
19488
19495
19499
19510
19522
19523
19527
19528
19531
19534
19537
19539
19541
19542
19543
19544
19547
19557
19558
19568
19575
19578
19583
19585
19587
19591
19595
19597
19604
19614
19616
19620
19621
19640
19642
19650
19655
19657
19659
19660
19677
19680
19707
19709
19716
19720
19733
19739
19748
19750
19755
19761
19780
19784
19785
19788
19789
19793
19798
19799
19807
19808
19811
19824
19827
19830
19847
19850
19858
19861
19865
19868
19875
19880
19881
19898
19902
19905
19914
19915
19934
19944
19945
19953
19954
19971
19981
19984
19989
19992
19999
20011
20019
20020
20028
20034
20043
20046
20050
20051
20058
20060
20069
20111
20113
20116
20117
20120
20160
20163
20167
20169
20179
20180
20181
20185
20186
20191
20192
20196
20198
20199
20208
20210
20228
20232
20235
20242
20245
20247
20258
20263
20280
20289
20290
20292
20293
20296
20300
20305
20306
20309
20310
20313
20318
20335
20338
20342
20346
20349
20351
20358
20367
20372
20374
20377
20392
20394
20395
20412
20421
20424
20429
20435
20436
20438
20439
20447
20458
20459
20462
20479
20480
20490
20491
20497
20507
20510
20511
20522
20527
20554
20566
20572
20583
20586
20588
20589
20592
20597
20598
20599
20600
20605
20606
20618
20620
20625
20643
20644
20647
20650
20652
20655
20658
20662
20664
20675
20678
20684
20689
20703
20710
20743
20750
20778
20782
20784
20795
20821
20824
20825
20826
20843
20853
20854
20871
20873
20875
20876
20881
20882
20883
20884
20885
20889
20891
20896
20913
20915
20918
20936
20940
20942
20958
20960
20961
20967
20971
20983
20986
20987
20990
21000
21006
21009
21012
21015
21019
21024
21027
21034
21042
21045
21052
21053
21071
21075
21076
21087
21088
21091
21097
21100
21102
21107
21108
21110
21112
21115
21130
21133
21141
21143
21145
21150
21158
21162
21168
21176
21178
21179
21183
21186
21199
21224
21226
21241
21245
21256
21257
21274
21278
21292
21298
21299
21318
21336
21338
21343
21346
21363
21366
21370
21382
21383
21386
21393
21394
21395
21396
21397
21404
21412
21413
21415
21421
21440
21443
21449
21451
21453
21454
21456
21457
21463
21469
21475
21479
21483
21487
21491
21496
21504
21506
21510
21518
21519
21524
21525
21536
21539
21551
21554
21555
21561
21571
21572
21576
21579
21591
21597
21603
21608
21613
21617
21625
21631
21639
21642
21645
21649
21660
21661
21665
21667
21668
21683
21696
21699
21700
21723
21726
21729
21734
21739
21740
21754
21765
21766
21770
21789
21818
21823
21825
21829
21843
21848
21850
21852
21859
21861
21868
21869
21876
21885
21895
21903
21910
21914
21918
21919
21934
21940
21942
21948
21952
21953
21956
21961
21962
21970
21973
21985
21986
21989
21991
21997
22002
22011
22020
22023
22034
22038
22039
22049
22064
22065
22073
22078
22089
22090
22096
22098
22106
22112
22117
22119
22128
22132
22151
22155
22162
22164
22166
22171
22178
22186
22188
22189
22194
22198
22200
22202
22203
22204
22214
22229
22253
22255
22262
22269
22271
22287
22294
22301
22306
22308
22318
22319
22323
22326
22328
22337
22340
22387
22400
22401
22403
22418
22431
22436
22441
22443
22449
22450
22475
22480
22483
22487
22490
22503
22510
22515
22520
22526
22529
22531
22538
22548
22550
22554
22571
22572
22584
22597
22599
22601
22617
22621
22625
22632
22640
22646
22655
22692
22702
22711
22719
22720
22724
22736
22753
22756
22776
22778
22780
22781
22786
22800
22808
22820
22832
22838
22844
22850
22869
22878
22879
22882
22890
22892
22893
22894
22896
22900
22909
22910
22938
22942
22952
22953
22960
22963
22969
22971
22972
22973
22977
22991
23004
23008
23011
23019
23044
23051
23058
23063
23085
23087
23088
23101
23102
23105
23136
23137
23146
23149
23157
23158
23168
23169
23192
23200
23201
23229
23237
23239
23260
23270
23272
23285
23287
23288
23297
23311
23322
23333
23336
23349
23354
23361
23368
23370
23380
23381
23382
23400
23412
23417
23446
23450
23480
23491
23492
23510
23519
23526
23528
23529
23535
23545
23564
23568
23573
23591
23599
23604
23610
23613
23614
23630
23641
23643
23665
23669
23674
23680
23682
23691
23707
23709
23730
23746
23749
23753
23757
23760
23762
23771
23774
23784
23794
23817
23830
23832
23836
23843
23848
23856
23887
23889
23891
23927
23945
23968
23981
23991
24009
24010
24056
24061
24063
24097
24118
24123
24124
24151
24162
24167
24176
24183
24199
24203
24215
24227
24228
24233
24234
24235
24238
24241
24245
24255
24267
24277
24292
24293
24308
24309
24332
24335
24339
24350
24358
24361
24365
24366
24370
24376
24393
24394
24397
24411
24414
24415
24430
24449
24459
24469
24474
24475
24476
24491
24493
24500
24503
24505
24510
24511
24512
24516
24517
24533
24537
24539
24546
24550
24552
24560
24564
24566
24588
24589
24590
24592
24595
24625
24635
24646
24650
24655
24656
24660
24662
24673
24674
24680
24696
24698
24699
24716
24721
24728
24736
24739
24747
24758
24768
24792
24797
24835
24844
24849
24856
24862
24867
24920
24923
24924
24930
24952
24955
24959
24960
24967
24980
24981
24988
24994
25000
