6
14
115
187
207
253
306
340
347
367
387
460
506
666
759
785
883
919
978
1045
1129
1155
1157
1182
1242
1304
1375
1389
1489
1543
1596
1601
1633
1644
1782
1898
1989
2021
2089
2112
2147
2254
2256
2301
2315
2379
2470
2482
2487
2490
2527
2576
2891
2945
2981
2985
3017
3033
3037
3045
3066
3114
3207
3226
3261
3328
3364
3535
3617
3696
3698
3714
3715
3731
3810
3827
3871
3955
3962
3963
3999
4010
4061
4096
4105
4113
4161
4162
4238
4243
4399
4485
4513
4569
4623
4672
4774
4795
4874
4892
4902
4941
4971
5056
5129
5147
5188
5201
5216
5230
5276
5440
5474
5490
5611
5661
5682
5691
5716
5770
5782
5816
5900
5904
6020
6028
6059
6197
6207
6235
6250
6279
6293
6318
6321
6339
6344
6378
6392
6394
6428
6443
6446
6450
6465
6480
6532
6545
6569
6600
6613
6627
6629
6646
6653
6682
6709
6718
6721
6744
6781
6789
6824
6930
6997
7007
7016
7045
7099
7117
7119
7120
7127
7128
7136
7139
7144
7148
7160
7168
7188
7205
7264
7273
7305
7324
7325
7331
7335
7339
7347
7456
7492
7510
7530
7549
7560
7564
7565
7567
7588
7623
7636
7660
7709
7735
7778
7783
7834
7839
7843
7865
7897
7911
7947
7975
7981
7982
7985
7987
8003
8007
8038
8065
8100
8103
8110
8166
8172
8265
8267
8281
8287
8317
8332
8339
8352
8358
8405
8413
8421
8439
8450
8467
8495
8523
8525
8545
8563
8591
8667
8687
8697
8716
8737
8753
8840
8846
8881
8919
8952
8985
9007
9056
9062
9080
9135
9145
9231
9242
9245
9247
9248
9261
9295
9325
9329
9393
9444
9476
9495
9511
9520
9568
9574
9586
9608
9613
9663
9766
9784
9788
9792
9813
9836
9886
9887
9891
9915
9921
9926
9949
9968
9982
9991
10021
10030
10036
10037
10052
10172
10185
10228
10274
10296
10303
10312
10420
10459
10495
10500
10526
10561
10653
10725
10726
10758
10877
10955
10986
10988
11019
11039
11096
11150
11169
11181
11189
11227
11281
11300
11423
11458
11484
11498
11524
11554
11566
11610
11656
11657
11673
11674
11712
11719
11734
11746
11749
11759
11760
11763
11799
11800
11802
11805
11841
11858
11869
11903
11968
12021
12041
12045
12066
12146
12170
12185
12218
12230
12233
12331
12342
12398
12472
12490
12511
12581
12585
12593
12602
12648
12653
12661
12716
12761
12766
12810
12821
12836
12838
12844
12857
12901
12903
12918
12921
12928
12932
12951
13111
13127
13137
13138
13179
13231
13255
13265
13320
13322
13365
13380
13443
13453
13463
13469
13532
13573
13675
13685
13699
13715
13717
13744
13795
13857
13878
13914
13921
13939
13942
13943
14011
14058
14060
14065
14076
14084
14087
14088
14097
14102
14108
14131
14219
14222
14275
14315
14322
14364
14390
14404
14408
14409
14495
14574
14606
14607
14639
14667
14686
14688
14699
14700
14705
14719
14752
14755
14768
14776
14800
14837
14858
14924
14965
14991
15024
15063
15064
15072
15076
15103
15105
15130
15137
15147
15158
15161
15163
15179
15316
15349
15372
15423
15469
15491
15502
15507
15530
15556
15557
15566
15575
15579
15596
15599
15614
15628
15633
15658
15660
15676
15706
15726
15741
15763
15776
15803
15805
15807
15827
15831
15899
15912
15975
15998
16046
16068
16069
16101
16131
16176
16177
16203
16245
16293
16342
16379
16460
16494
16505
16520
16554
16606
16666
16668
16698
16737
16863
16873
16918
16977
16986
17003
17032
17051
17060
17089
17092
17109
17123
17130
17153
17196
17264
17273
17284
17303
17340
17360
17369
17404
17431
17466
17513
17525
17564
17568
17627
17649
17697
17707
17747
17748
17750
17828
17847
17872
17894
17928
17941
17947
17988
18041
18085
18088
18099
18112
18116
18121
18139
18157
18202
18228
18240
18280
18311
18333
18334
18348
18379
18444
18447
18455
18472
18474
18499
18504
18505
18535
18567
18697
18699
18736
18742
18747
18782
18815
18825
18861
18871
18873
18905
18917
18918
18921
18943
18974
18983
18990
18995
19048
19074
19105
19197
19199
19237
19241
19257
19260
19309
19310
19328
19343
19371
19411
19413
19424
19429
19504
19610
19617
19622
19670
19682
19689
19696
19718
19768
19786
19794
19811
19823
19845
19853
19867
19877
19911
19937
20012
20023
20065
20069
20072
20105
20133
20206
20214
20252
20279
20294
20308
20326
20328
20347
20365
20387
20453
20532
20593
20617
20630
20634
20635
20657
20668
20698
20701
20727
20751
20752
20762
20767
20834
20835
20890
20938
20971
21028
21048
21135
21173
21182
21194
21203
21290
21371
21379
21411
21425
21431
21438
21460
21462
21503
21517
21547
21552
21559
21571
21616
21624
21657
21755
21802
21805
21866
21896
21915
21934
21964
22018
22129
22148
22154
22228
22236
22247
22248
22381
22406
22503
22523
22536
22552
22562
22567
22614
22653
22690
22712
22743
22761
22782
22783
22785
22872
22905
22983
23005
23009
23010
23033
23056
23059
23099
23114
23132
23154
23170
23176
23177
23189
23197
23210
23230
23259
23260
23290
23294
23300
23308
23315
23317
23320
23337
23349
23374
23407
23421
23442
23481
23493
23495
23551
23584
23589
23603
23632
23636
23651
23672
23681
23708
23718
23787
23793
23795
23812
23820
23841
23876
23880
23885
23980
23997
24010
24023
24025
24039
24080
24084
24103
24109
24110
24120
24137
24143
24148
24178
24184
24197
24200
24219
24242
24378
24382
24391
24406
24420
24428
24432
24440
24453
24472
24485
24519
24526
24558
24572
24602
24609
24630
24643
24661
24713
24719
24732
24741
24770
24817
24865
24884
24896
24934
