253
347
506
666
1155
1157
1304
1644
1782
1898
2021
2147
2254
2891
3698
3731
3999
4010
4892
4902
4971
5188
5276
5682
5904
6207
6250
6321
6789
7045
7127
7136
7331
7339
7530
7567
7735
8846
8919
8952
8985
9007
9062
9080
9135
9574
9608
9613
9663
9915
10312
10420
10653
11150
11281
11423
11484
11610
11656
11673
11734
11746
11749
11800
11805
11858
11869
11968
12021
12041
12146
12170
12233
12331
12761
13127
13365
13443
13573
13717
13857
13878
13921
13942
14219
14667
14699
14719
14776
14800
15024
15076
15105
15161
15349
15575
15596
15706
15827
15899
16666
16986
17032
17051
17060
17369
17513
17525
17627
17697
17750
17894
18099
18348
18699
19260
19413
19429
19877
19911
20023
20328
20365
20635
20668
20767
21048
21411
21547
22148
22247
22381
22712
22905
23010
23114
23290
23317
23795
23880
23885
24080
24084
24143
24643
24713
24817
24865
24934
