4
67
81
92
109
123
136
148
165
167
182
191
196
222
265
280
282
289
310
312
315
316
323
328
384
388
405
422
449
464
499
504
516
521
606
662
664
685
692
696
701
731
757
783
799
864
897
915
916
917
954
956
1002
1003
1009
1021
1023
1065
1079
1082
1088
1202
1213
1215
1229
1230
1233
1303
1326
1367
1370
1372
1385
1388
1390
1391
1404
1424
1430
1437
1499
1544
1546
1562
1618
1627
1663
1712
1743
1766
1772
1873
1874
1903
1908
1963
1972
2021
2037
2099
2182
2185
2360
2389
2447
2470
2480
2500
2502
2517
2533
2563
2564
2578
2631
2713
2719
2750
2793
2799
2816
2838
2878
2894
2910
2919
2931
2958
2994
3005
3058
3059
3088
3106
3108
3121
3139
3154
3156
3192
3215
3238
3244
3259
3262
3267
3289
3295
3352
3386
3393
3404
3416
3449
3451
3454
3460
3470
3477
3484
3498
3510
3515
3550
3555
3557
3560
3564
3593
3625
3633
3640
3734
3759
3784
3789
3859
3880
3909
3917
3922
3928
3970
4025
4067
4078
4098
4107
4128
4142
4156
4251
4274
4292
4306
4354
4366
4368
4370
4402
4423
4431
4445
4469
4471
4484
4496
4501
4582
4591
4611
4615
4690
4789
4846
4867
4883
4906
4907
4921
4933
4971
5004
5033
5050
5081
5097
5146
5157
5249
5251
5284
5291
5327
5391
5403
5434
5468
5469
5496
5579
5581
5590
5626
5660
5672
5704
5742
5753
5757
5884
5891
5910
5935
5963
5965
5967
5978
5981
5990
6001
6011
6020
6032
6040
6056
6112
6123
6137
6141
6188
6204
6207
6217
6265
6269
6280
6293
6318
6330
6339
6392
6405
6437
6443
6446
6490
6507
6518
6528
6558
6610
6621
6634
6687
6696
6704
6722
6744
6762
6771
6820
6828
6853
6857
6866
6884
6887
6888
6911
6929
6951
6978
6995
6997
7007
7095
7110
7117
7119
7120
7148
7158
7164
7175
7183
7185
7225
7264
7288
7294
7300
7352
7381
7382
7412
7431
7439
7451
7452
7456
7503
7510
7544
7558
7560
7568
7588
7593
7623
7629
7639
7656
7675
7687
7709
7713
7719
7732
7734
7746
7773
7786
7814
7821
7834
7837
7869
7897
7899
7917
7931
7975
7985
8003
8021
8073
8087
8151
8160
8166
8179
8189
8252
8267
8270
8279
8281
8310
8324
8345
8351
8354
8376
8405
8421
8466
8481
8495
8507
8508
8513
8525
8527
8541
8545
8548
8602
8641
8657
8676
8682
8687
8737
8741
8746
8765
8770
8821
8838
8839
8850
9004
9014
9038
9043
9056
9062
9080
9105
9107
9145
9217
9245
9247
9254
9272
9274
9303
9323
9367
9408
9496
9511
9520
9546
9574
9582
9586
9624
9656
9666
9694
9716
9752
9766
9769
9772
9784
9786
9810
9822
9836
9860
9866
9892
9929
9931
9961
9970
10036
10038
10041
10044
10077
10158
10203
10212
10221
10228
10237
10259
10278
10293
10300
10309
10319
10339
10367
10395
10404
10408
10436
10482
10495
10500
10507
10512
10526
10552
10561
10641
10736
10789
10802
10809
10837
10862
10871
10883
10891
10911
10986
10995
11041
11083
11094
11131
11140
11144
11145
11164
11181
11190
11300
11324
11326
11366
11376
11388
11389
11449
11564
11570
11575
11609
11613
11655
11699
11747
11757
11806
11811
11838
11840
11849
11903
11936
11948
11969
11990
12009
12014
12015
12036
12056
12066
12073
12111
12141
12185
12203
12222
12235
12246
12259
12261
12311
12324
12329
12373
12379
12383
12398
12423
12442
12491
12511
12580
12594
12595
12599
12625
12639
12653
12658
12693
12696
12708
12718
12741
12743
12745
12768
12774
12796
12799
12836
12842
12845
12855
12868
12875
12898
12903
12911
12918
12922
12932
12937
12941
12962
12964
12980
12998
13009
13011
13019
13094
13108
13111
13137
13151
13161
13171
13179
13186
13235
13244
13270
13274
13280
13307
13322
13330
13340
13376
13387
13418
13443
13462
13485
13490
13493
13509
13567
13568
13591
13636
13649
13668
13685
13698
13706
13713
13764
13768
13797
13802
13840
13846
13848
13859
13912
13920
13961
13966
13969
14048
14060
14065
14076
14081
14084
14108
14140
14158
14206
14212
14222
14227
14231
14240
14250
14265
14275
14282
14293
14302
14315
14319
14331
14357
14363
14401
14404
14408
14419
14450
14458
14459
14491
14495
14510
14511
14594
14605
14607
14609
14613
14640
14644
14646
14656
14688
14750
14752
14755
14769
14784
14816
14828
14897
14904
14921
14929
14955
14958
14965
14971
14973
14996
15023
15095
15108
15130
15137
15157
15163
15172
15179
15185
15202
15205
15212
15215
15233
15236
15275
15305
15307
15311
15320
15386
15415
15423
15428
15432
15439
15442
15478
15486
15511
15527
15530
15556
15562
15574
15579
15587
15640
15647
15648
15658
15667
15676
15709
15712
15747
15773
15781
15786
15809
15815
15826
15862
15871
15926
15931
15978
15981
15986
15997
16026
16057
16066
16071
16090
16102
16107
16155
16166
16167
16182
16183
16196
16197
16204
16208
16226
16252
16262
16265
16278
16279
16287
16288
16298
16322
16324
16326
16364
16370
16374
16377
16473
16484
16502
16505
16508
16580
16629
16633
16645
16668
16677
16697
16698
16709
16713
16717
16722
16763
16784
16798
16831
16876
16880
16881
16888
16925
16926
16943
16973
16982
16990
17008
17016
17109
17110
17122
17126
17153
17158
17161
17169
17178
17188
17196
17200
17281
17315
17317
17327
17353
17370
17374
17394
17402
17417
17423
17431
17456
17461
17475
17482
17524
17564
17679
17703
17722
17741
17752
17801
17826
17839
17857
17955
18022
18026
18036
18049
18061
18070
18071
18073
18080
18081
18090
18112
18116
18142
18149
18155
18164
18204
18249
18252
18291
18324
18356
18368
18370
18426
18455
18465
18473
18499
18502
18527
18535
18541
18572
18573
18582
18591
18596
18599
18603
18610
18620
18639
18656
18669
18691
18697
18712
18750
18752
18761
18769
18791
18824
18825
18885
18905
18921
18922
18926
18939
18955
18990
18995
19087
19115
19161
19189
19218
19237
19292
19302
19327
19343
19352
19355
19359
19369
19388
19419
19424
19438
19490
19509
19517
19549
19610
19619
19621
19639
19664
19672
19689
19776
19788
19793
19795
19823
19856
19865
19952
19973
19988
19994
20000
20014
20015
20036
20038
20073
20079
20092
20095
20106
20111
20133
20140
20175
20186
20197
20207
20225
20252
20264
20279
20301
20303
20307
20312
20320
20328
20369
20408
20431
20445
20451
20456
20554
20569
20608
20614
20631
20656
20685
20711
20728
20737
20756
20762
20800
20817
20837
20875
20890
20912
20922
20938
20942
20971
20976
21010
21014
21018
21028
21068
21071
21081
21082
21104
21135
21173
21182
21202
21215
21231
21251
21312
21404
21429
21446
21464
21492
21499
21514
21545
21546
21612
21619
21621
21623
21687
21698
21701
21721
21727
21742
21748
21755
21783
21802
21804
21881
21887
21891
21893
21901
21915
21929
21931
21941
21954
22032
22081
22099
22129
22135
22170
22185
22199
22327
22331
22355
22368
22374
22377
22447
22459
22498
22522
22538
22544
22569
22583
22586
22606
22620
22653
22704
22709
22716
22740
22750
22760
22775
22782
22785
22803
22807
22865
22871
22902
22906
22907
22936
22939
22947
22955
22961
23000
23001
23033
23036
23051
23059
23074
23080
23089
23097
23100
23123
23128
23184
23188
23233
23241
23258
23278
23289
23309
23327
23346
23352
23386
23393
23394
23403
23404
23408
23413
23476
23478
23481
23489
23497
23555
23569
23570
23573
23576
23585
23592
23603
23621
23622
23640
23644
23663
23668
23676
23677
23696
23697
23700
23703
23710
23729
23740
23763
23772
23776
23787
23798
23799
23805
23812
23821
23822
23827
23852
23858
23870
23902
23906
23912
23930
23938
23939
23941
23972
23974
23975
23986
23994
23995
24004
24025
24044
24054
24064
24066
24095
24104
24112
24117
24126
24148
24189
24205
24219
24231
24236
24242
24259
24260
24263
24270
24275
24279
24303
24310
24362
24369
24374
24396
24399
24402
24405
24418
24426
24439
24446
24457
24501
24513
24538
24562
24565
24598
24599
24638
24649
24669
24672
24683
24702
24730
24741
24743
24744
24749
24758
24769
24770
24776
24782
24789
24819
24824
24833
24847
24848
24882
24885
24888
24895
24896
24897
24927
24928
24931
24951
24986
24998
