67
123
165
310
312
405
757
783
897
1002
1021
1088
1229
1424
1544
1743
1873
2182
2500
2517
2533
2578
2631
2713
2816
3059
3106
3121
3192
3238
3295
3404
3416
3460
3470
3477
3484
3498
3734
3859
3880
3970
4078
4128
4423
4445
4471
4484
4591
4611
4615
4867
4907
4971
5081
5251
5391
5469
5579
5590
5626
5672
5704
5757
5884
5963
5967
6001
6011
6330
6405
6621
6853
6884
6887
7158
7164
7300
7412
7431
7503
7593
7639
7713
7746
7899
7917
8087
8151
8252
8279
8324
8541
8682
8765
8821
9272
9323
9582
9656
9694
9769
9810
9822
9866
9892
9931
10038
10041
10237
10259
10300
10319
10395
10507
10641
10871
10995
11083
11389
11747
11936
11969
12036
12383
12595
12898
12941
12980
12998
13509
13713
13768
13797
13840
13848
14206
14265
14594
15205
15212
15305
15307
15442
15640
15648
15978
16197
16265
16370
16473
16484
16629
16798
16876
17126
17161
17178
17200
17353
17423
17461
17524
17703
18036
18090
18116
18164
18324
18591
18939
19302
19952
20014
20015
20092
20320
20614
20656
21018
21104
21215
21231
21312
21546
21621
21701
21881
21887
22032
22170
22569
22586
22704
22740
22939
23585
23621
23644
23763
23776
23805
23858
23870
23902
23939
23941
24405
24439
24446
24513
24833
24895
24998
