1
6
7
9
11
16
18
19
21
27
31
36
40
41
42
47
48
53
61
66
69
70
74
77
78
84
93
95
101
106
107
109
111
113
118
123
124
128
130
132
137
141
148
150
151
152
160
162
172
175
179
180
182
187
191
192
193
194
199
201
206
207
218
219
220
226
232
236
237
241
242
243
247
249
250
251
259
260
264
265
269
270
274
275
278
280
282
284
289
293
295
298
300
303
304
305
318
319
322
323
329
331
335
338
341
343
345
348
350
351
356
358
364
367
373
374
376
381
383
384
393
399
400
401
402
406
409
417
423
425
427
431
433
434
440
443
445
447
448
457
460
465
471
481
482
487
489
495
498
504
506
508
509
513
514
516
520
521
524
525
534
542
544
548
550
551
552
554
561
564
566
569
571
574
576
578
582
585
587
589
590
592
604
605
607
608
611
614
619
621
624
626
627
632
637
638
647
651
652
659
665
667
674
683
685
687
688
690
691
693
694
698
703
704
705
706
708
709
710
712
713
714
719
728
729
730
733
734
744
745
747
748
749
755
763
764
765
767
770
777
781
782
783
785
786
788
790
792
793
796
797
805
809
810
812
814
815
816
820
825
826
828
833
834
835
841
842
843
845
848
851
852
853
859
869
871
876
877
878
879
880
881
883
884
889
891
893
894
897
898
900
903
905
911
915
916
922
923
926
927
928
931
932
933
937
940
941
944
945
948
949
952
953
956
963
966
967
968
971
974
975
978
979
980
981
982
984
989
992
995
1000
1001
1007
1008
1009
1010
1011
1012
1015
1024
1025
1026
1029
1030
1031
1032
1035
1037
1042
1046
1047
1050
1051
1054
1057
1058
1059
1064
1066
1068
1069
1073
1074
1082
1083
1084
1086
1090
1095
1096
1097
1102
1105
1106
1108
1110
1113
1114
1116
1117
1118
1119
1120
1122
1125
1129
1130
1131
1133
1137
1138
1142
1145
1146
1150
1153
1160
1164
1165
1166
1168
1175
1176
1177
1178
1181
1182
1186
1188
1193
1197
1198
1201
1202
1203
1204
1220
1222
1231
1234
1235
1238
1239
1240
1242
1243
1253
1256
1257
1261
1263
1268
1269
1270
1271
1275
1276
1277
1279
1280
1281
1282
1284
1292
1293
1294
1299
1301
1302
1303
1305
1306
1309
1310
1313
1314
1316
1317
1318
1320
1322
1323
1327
1329
1337
1340
1341
1342
1344
1347
1348
1349
1355
1357
1358
1361
1366
1370
1378
1379
1381
1383
1385
1387
1396
1397
1400
1401
1404
1407
1408
1418
1422
1426
1427
1428
1429
1430
1431
1432
1433
1434
1439
1441
1442
1443
1445
1449
1450
1456
1459
1461
1462
1467
1469
1474
1478
1479
1480
1484
1485
1486
1488
1489
1498
1504
1506
1508
1510
1511
1514
1516
1520
1521
1522
1526
1527
1532
1534
1537
1540
1544
1548
1549
1556
1559
1562
1568
1569
1570
1571
1573
1574
1575
1576
1577
1578
1583
1586
1588
1589
1594
1597
1598
1599
1605
1606
1608
1609
1610
1611
1613
1614
1619
1624
1625
1633
1643
1645
1647
1649
1654
1656
1657
1658
1661
1663
1667
1670
1673
1674
1678
1681
1688
1692
1694
1695
1696
1698
1699
1700
1701
1702
1703
1706
1710
1711
1715
1716
1721
1723
1725
1726
1727
1729
1731
1734
1735
1736
1738
1741
1743
1744
1747
1748
1749
1750
1751
1757
1758
1761
1763
1767
1769
1770
1772
1775
1778
1781
1782
1785
1788
1790
1799
1800
1802
1803
1804
1805
1806
1811
1814
1820
1821
1822
1823
1828
1830
1831
1835
1836
1837
1838
1841
1846
1847
1848
1849
1852
1854
1857
1858
1859
1860
1865
1867
1869
1871
1872
1877
1880
1882
1884
1886
1890
1891
1892
1898
1902
1904
1907
1909
1912
1917
1919
1920
1921
1922
1923
1927
1932
1933
1936
1940
1949
1951
1954
1956
1958
1959
1960
1965
1967
1968
1969
1975
1979
1980
1981
1983
1985
1986
1990
1992
1995
1996
1998
2004
2011
2013
2015
2018
2019
2021
2022
2026
2036
2037
2039
2041
2043
2048
2052
2053
2055
2058
2066
2067
2072
2073
2078
2080
2082
2083
2085
2086
2089
2092
2093
2095
2100
2101
2102
2103
2104
2106
2112
2113
2114
2117
2121
2122
2130
2133
2134
2136
2139
2142
2143
2146
2147
2150
2153
2157
2158
2161
2166
2184
2187
2193
2194
2198
2199
2200
2202
2205
2206
2207
2208
2209
2211
2217
2218
2221
2223
2224
2225
2228
2233
2234
2243
2245
2248
2254
2255
2256
2260
2261
2262
2264
2268
2270
2272
2274
2278
2279
2281
2283
2285
2288
2292
2296
2298
2302
2305
2306
2308
2315
2318
2323
2324
2325
2326
2327
2329
2331
2333
2334
2336
2337
2346
2348
2349
2352
2358
2360
2361
2367
2371
2376
2377
2378
2379
2382
2383
2385
2387
2390
2392
2393
2395
2399
2402
2404
2408
2409
2416
2420
2421
2424
2426
2429
2430
2432
2435
2441
2442
2443
2452
2454
2455
2464
2465
2466
2470
2472
2477
2479
2486
2491
2494
2497
2499
2506
2508
2509
2522
2525
2528
2532
2534
2537
2539
2540
2542
2543
2547
2550
2551
2552
2556
2563
2565
2567
2569
2571
2572
2573
2576
2580
2588
2592
2593
2594
2595
2598
2600
2601
2605
2606
2607
2610
2613
2614
2615
2617
2619
2620
2624
2625
2633
2634
2635
2637
2638
2640
2645
2651
2652
2654
2657
2662
2667
2676
2678
2680
2684
2685
2687
2688
2692
2693
2697
2698
2700
2703
2704
2705
2706
2707
2708
2712
2717
2718
2720
2724
2727
2728
2732
2733
2734
2738
2739
2742
2746
2749
2754
2757
2758
2759
2762
2769
2771
2777
2778
2779
2781
2785
2786
2788
2789
2792
2793
2797
2798
2802
2803
2806
2807
2810
2811
2813
2815
2816
2819
2821
2822
2823
2827
2829
2833
2834
2838
2840
2845
2847
2848
2850
2854
2859
2861
2862
2863
2864
2865
2866
2873
2876
2879
2887
2888
2890
2891
2893
2895
2897
2899
2903
2905
2908
2914
2915
2916
2922
2923
2925
2926
2928
2930
2931
2937
2939
2941
2945
2946
2947
2951
2955
2957
2959
2961
2964
2967
2968
2969
2976
2978
2980
2982
2983
2985
2988
2989
2990
2992
2995
2996
2999
3000
3005
3006
3007
3010
3011
3016
3022
3024
3025
3030
3035
3037
3038
3039
3041
3043
3045
3050
3053
3054
3057
3058
3060
3065
3071
3075
3083
3086
3091
3092
3094
3102
3104
3107
3108
3109
3110
3116
3122
3124
3125
3128
3129
3130
3131
3132
3133
3134
3137
3139
3141
3144
3147
3150
3152
3153
3154
3156
3158
3161
3163
3166
3168
3170
3171
3172
3173
3181
3188
3191
3193
3198
3205
3206
3207
3209
3218
3219
3222
3224
3226
3231
3233
3236
3239
3240
3241
3243
3245
3247
3250
3251
3254
3255
3258
3259
3261
3267
3272
3274
3275
3279
3283
3284
3285
3286
3289
3294
3295
3300
3303
3304
3307
3308
3311
3312
3313
3314
3321
3322
3323
3325
3326
3327
3328
3329
3330
3335
3341
3343
3348
3352
3354
3355
3358
3361
3365
3366
3370
3376
3377
3378
3379
3380
3382
3386
3387
3388
3389
3391
3398
3401
3405
3408
3409
3410
3411
3413
3414
3418
3423
3428
3429
3436
3438
3439
3442
3443
3445
3447
3448
3456
3472
3473
3474
3476
3482
3483
3484
3496
3497
3499
3501
3506
3508
3509
3511
3512
3513
3521
3523
3525
3526
3529
3535
3538
3540
3541
3543
3546
3548
3549
3557
3558
3560
3561
3565
3567
3568
3572
3575
3576
3577
3578
3581
3587
3590
3592
3593
3595
3597
3598
3599
3600
3607
3614
3622
3625
3628
3630
3632
3642
3643
3647
3650
3651
3652
3653
3655
3658
3659
3660
3662
3666
3670
3672
3674
3675
3677
3678
3680
3682
3683
3684
3686
3687
3690
3692
3696
3698
3699
3702
3704
3705
3708
3712
3714
3716
3720
3725
3727
3728
3730
3731
3733
3735
3736
3739
3740
3743
3744
3748
3749
3751
3754
3755
3757
3759
3766
3767
3768
3769
3770
3772
3780
3788
3789
3790
3794
3797
3799
3800
3807
3810
3816
3823
3828
3829
3832
3833
3834
3835
3838
3839
3841
3842
3843
3845
3850
3852
3854
3855
3856
3857
3860
3861
3867
3869
3870
3871
3876
3878
3886
3889
3893
3895
3901
3902
3905
3916
3918
3929
3935
3937
3943
3944
3947
3951
3953
3957
3959
3961
3964
3965
3968
3972
3977
3978
3979
3980
3985
3987
3988
3989
3990
3991
3992
3997
3999
4001
4005
4006
4009
4010
4011
4012
4013
4016
4017
4018
4021
4024
4029
4031
4035
4036
4039
4045
4046
4049
4051
4052
4054
4056
4058
4062
4065
4066
4068
4071
4072
4073
4074
4078
4082
4086
4088
4090
4092
4094
4095
4096
4097
4099
4100
4102
4105
4107
4110
4111
4112
4119
4126
4127
4128
4129
4131
4132
4138
4143
4155
4160
4161
4162
4176
4178
4179
4180
4184
4187
4188
4189
4191
4192
4193
4194
4195
4198
4199
4200
4202
4203
4205
4211
4212
4215
4216
4220
4225
4230
4231
4238
4248
4253
4256
4258
4260
4261
4270
4272
4277
4284
4288
4290
4292
4297
4299
4300
4302
4303
4304
4305
4307
4308
4310
4311
4315
4318
4319
4320
4321
4326
4333
4334
4335
4336
4337
4342
4345
4354
4355
4362
4366
4368
4371
4373
4377
4378
4379
4381
4389
4392
4393
4394
4398
4399
4400
4403
4404
4405
4412
4417
4419
4420
4423
4427
4430
4439
4442
4443
4444
4449
4453
4457
4459
4460
4461
4463
4464
4465
4467
4468
4469
4470
4471
4472
4473
4475
4476
4477
4478
4480
4481
4485
4488
4493
4495
4497
4499
4501
4502
4503
4504
4506
4507
4508
4513
4517
4519
4520
4521
4522
4525
4528
4532
4534
4536
4537
4541
4544
4545
4547
4548
4552
4553
4554
4555
4557
4560
4561
4563
4567
4572
4573
4574
4575
4576
4578
4579
4580
4583
4588
4589
4592
4596
4602
4603
4605
4606
4609
4610
4612
4620
4622
4625
4628
4634
4636
4638
4639
4641
4644
4645
4648
4652
4654
4658
4659
4662
4664
4666
4670
4672
4673
4678
4679
4682
4686
4687
4688
4689
4690
4691
4693
4694
4697
4698
4699
4703
4704
4705
4709
4711
4712
4718
4720
4723
4726
4731
4732
4734
4736
4738
4739
4743
4745
4749
4752
4753
4757
4762
4766
4768
4772
4774
4775
4776
4781
4785
4788
4792
4794
4795
4800
4802
4803
4805
4808
4814
4815
4822
4825
4826
4835
4845
4847
4848
4849
4858
4862
4866
4870
4874
4876
4878
4879
4881
4883
4885
4888
4890
4897
4898
4903
4905
4907
4908
4915
4917
4919
4923
4927
4931
4932
4933
4938
4941
4943
4944
4946
4951
4952
4959
4967
4968
4974
4975
4979
4987
4995
4996
4997
4999
5003
5004
5007
5008
5009
5010
5019
5020
5027
5029
5031
5032
5035
5036
5037
5040
5041
5045
5046
5048
5052
5053
5054
5057
5062
5065
5066
5068
5069
5075
5078
5079
5084
5088
5095
5099
5116
5121
5123
5124
5127
5129
5134
5137
5138
5139
5144
5149
5151
5156
5157
5158
5159
5160
5162
5168
5170
5172
5173
5176
5177
5180
5182
5183
5186
5190
5196
5197
5199
5201
5205
5206
5208
5211
5212
5214
5215
5216
5219
5221
5225
5227
5228
5229
5230
5231
5233
5234
5238
5243
5246
5248
5249
5254
5259
5263
5265
5268
5271
5273
5277
5280
5284
5291
5293
5294
5296
5300
5301
5303
5314
5315
5319
5323
5327
5328
5329
5333
5335
5339
5343
5344
5345
5350
5351
5354
5358
5369
5370
5371
5373
5374
5375
5380
5381
5383
5391
5393
5399
5404
5408
5411
5413
5419
5420
5424
5427
5430
5435
5436
5440
5447
5449
5451
5459
5460
5461
5464
5465
5467
5468
5470
5473
5474
5476
5478
5479
5484
5485
5495
5496
5497
5499
5500
5505
5509
5513
5516
5517
5518
5519
5520
5528
5531
5532
5533
5536
5539
5541
5544
5547
5554
5555
5557
5560
5562
5565
5567
5569
5570
5571
5573
5582
5583
5584
5585
5586
5587
5590
5591
5592
5593
5594
5595
5596
5608
5611
5612
5614
5619
5620
5623
5624
5627
5628
5630
5631
5636
5637
5638
5641
5642
5644
5645
5648
5650
5654
5658
5659
5660
5661
5662
5664
5665
5667
5670
5676
5679
5687
5688
5690
5692
5694
5698
5699
5701
5707
5712
5715
5717
5724
5726
5727
5729
5731
5735
5740
5741
5743
5745
5746
5750
5753
5756
5757
5765
5770
5774
5777
5779
5782
5786
5788
5792
5796
5801
5802
5807
5809
5812
5814
5815
5822
5823
5831
5832
5834
5843
5848
5849
5860
5862
5863
5869
5872
5874
5880
5885
5887
5892
5896
5900
5905
5909
5910
5912
5913
5916
5917
5920
5924
5927
5931
5932
5934
5938
5951
5952
5954
5955
5959
5963
5965
5968
5971
5975
5988
5993
5994
5995
5996
5998
6000
6002
6005
6008
6018
6020
6022
6024
6028
6030
6032
6035
6036
6037
6039
6044
6045
6054
6057
6059
6060
6063
6068
6075
6080
6083
6084
6085
6086
6087
6088
6096
6097
6101
6107
6109
6115
6118
6119
6121
6124
6126
6128
6130
6139
6144
6145
6146
6147
6151
6153
6155
6156
6157
6158
6165
6169
6171
6172
6183
6189
6192
6196
6199
6200
6202
6204
6206
6209
6210
6211
6212
6214
6215
6218
6219
6220
6222
6224
6225
6226
6231
6232
6235
6236
6238
6241
6243
6244
6245
6248
6249
6250
6255
6267
6269
6270
6273
6274
6275
6277
6279
6284
6285
6289
6290
6292
6293
6294
6300
6305
6306
6309
6312
6314
6316
6317
6319
6320
6321
6322
6326
6327
6329
6330
6331
6341
6342
6345
6350
6352
6353
6358
6359
6362
6365
6369
6374
6376
6377
6379
6384
6387
6389
6391
6394
6399
6400
6402
6413
6415
6416
6420
6421
6426
6427
6432
6433
6434
6436
6437
6442
6443
6444
6446
6451
6453
6454
6461
6463
6471
6478
6483
6486
6487
6489
6490
6491
6494
6495
6499
6501
6503
6504
6506
6508
6518
6520
6523
6526
6532
6533
6534
6535
6545
6546
6550
6552
6553
6557
6558
6564
6565
6568
6569
6574
6575
6577
6579
6582
6583
6585
6587
6588
6591
6597
6598
6600
6604
6605
6606
6609
6613
6616
6618
6624
6627
6628
6629
6630
6633
6636
6643
6646
6647
6648
6649
6650
6652
6654
6659
6661
6662
6663
6664
6665
6666
6670
6672
6676
6677
6678
6682
6684
6685
6686
6688
6689
6690
6694
6696
6698
6699
6700
6701
6706
6707
6710
6713
6714
6716
6718
6719
6721
6730
6735
6736
6738
6740
6743
6745
6748
6753
6754
6755
6758
6761
6764
6766
6769
6771
6772
6773
6777
6780
6781
6782
6785
6786
6787
6789
6791
6792
6795
6797
6799
6800
6805
6807
6808
6812
6817
6818
6819
6822
6824
6826
6828
6830
6832
6834
6836
6841
6842
6843
6845
6848
6855
6856
6860
6861
6864
6866
6867
6868
6869
6872
6873
6878
6882
6883
6888
6892
6895
6896
6900
6902
6907
6908
6909
6911
6912
6913
6914
6919
6923
6924
6925
6926
6930
6941
6943
6944
6945
6948
6952
6954
6955
6958
6959
6964
6965
6966
6967
6968
6972
6980
6981
6986
6988
6989
6991
6992
6996
6998
7003
7004
7007
7008
7009
7010
7017
7019
7020
7025
7026
7032
7037
7043
7044
7046
7048
7049
7050
7052
7054
7057
7058
7062
7066
7067
7068
7076
7080
7081
7082
7083
7087
7088
7090
7092
7095
7096
7097
7101
7104
7106
7108
7109
7111
7114
7115
7117
7119
7122
7128
7132
7133
7136
7137
7138
7140
7147
7152
7154
7158
7160
7164
7167
7168
7169
7170
7171
7172
7174
7176
7177
7178
7179
7180
7187
7188
7190
7192
7201
7205
7209
7212
7216
7217
7218
7220
7221
7222
7224
7226
7228
7243
7244
7246
7247
7248
7250
7251
7252
7257
7258
7259
7266
7267
7273
7274
7279
7281
7284
7292
7294
7295
7303
7305
7306
7307
7309
7312
7313
7314
7319
7324
7326
7329
7331
7337
7340
7341
7342
7343
7344
7346
7350
7351
7354
7355
7359
7361
7362
7365
7377
7379
7380
7383
7384
7386
7388
7392
7394
7397
7400
7407
7409
7412
7413
7415
7416
7418
7419
7423
7425
7429
7430
7431
7433
7435
7438
7440
7441
7443
7444
7446
7448
7449
7450
7456
7458
7460
7461
7466
7467
7468
7470
7474
7477
7479
7486
7487
7489
7490
7492
7494
7497
7498
7502
7506
7508
7509
7511
7514
7520
7522
7523
7527
7528
7530
7532
7535
7536
7538
7539
7542
7543
7544
7545
7547
7549
7550
7552
7554
7557
7559
7560
7561
7562
7563
7565
7566
7568
7570
7571
7572
7573
7579
7583
7584
7585
7587
7588
7590
7594
7602
7603
7606
7608
7610
7611
7614
7615
7625
7628
7631
7636
7637
7639
7640
7646
7653
7654
7655
7662
7664
7667
7668
7670
7673
7676
7679
7681
7682
7684
7685
7687
7689
7694
7695
7697
7698
7701
7702
7703
7704
7706
7707
7712
7714
7717
7718
7719
7722
7724
7725
7727
7730
7735
7737
7740
7741
7743
7744
7747
7748
7752
7753
7755
7756
7759
7760
7761
7765
7766
7771
7774
7776
7782
7783
7784
7785
7786
7789
7794
7795
7796
7798
7802
7804
7806
7807
7808
7814
7815
7816
7819
7820
7821
7822
7824
7825
7830
7833
7834
7835
7839
7840
7841
7842
7844
7846
7847
7848
7859
7860
7863
7865
7868
7870
7874
7875
7878
7879
7880
7882
7885
7889
7897
7898
7900
7902
7904
7906
7908
7910
7912
7915
7916
7918
7919
7920
7922
7923
7924
7925
7930
7932
7934
7939
7941
7942
7943
7944
7945
7947
7950
7954
7955
7958
7960
7970
7971
7972
7976
7977
7978
7979
7980
7981
7985
7986
7990
7992
7996
7997
7998
7999
8001
8003
8005
8006
8007
8008
8012
8013
8017
8020
8022
8023
8024
8026
8035
8037
8038
8045
8048
8050
8051
8055
8056
8058
8060
8061
8064
8065
8066
8069
8070
8073
8076
8077
8078
8081
8082
8083
8085
8088
8089
8090
8093
8094
8096
8097
8098
8099
8103
8109
8111
8112
8113
8114
8115
8116
8121
8123
8125
8126
8132
8133
8138
8141
8142
8143
8146
8148
8152
8160
8161
8162
8163
8165
8168
8169
8178
8179
8180
8182
8184
8186
8188
8192
8195
8205
8219
8220
8223
8224
8228
8229
8233
8234
8235
8239
8243
8245
8248
8253
8257
8258
8261
8264
8267
8268
8269
8270
8272
8274
8276
8278
8289
8290
8295
8297
8298
8303
8304
8308
8310
8313
8314
8316
8320
8322
8323
8325
8329
8331
8335
8336
8339
8352
8359
8360
8361
8362
8365
8366
8369
8370
8371
8374
8377
8378
8380
8383
8386
8389
8391
8392
8394
8397
8399
8401
8402
8406
8413
8414
8415
8416
8417
8418
8419
8420
8423
8425
8427
8428
8429
8431
8433
8434
8435
8436
8438
8439
8443
8444
8446
8448
8450
8451
8454
8457
8458
8461
8462
8464
8466
8470
8471
8475
8478
8485
8487
8489
8492
8493
8500
8501
8513
8514
8515
8519
8526
8530
8537
8539
8549
8551
8552
8554
8555
8557
8558
8563
8566
8567
8568
8573
8574
8576
8578
8580
8593
8594
8597
8599
8607
8610
8611
8613
8614
8617
8620
8623
8626
8629
8630
8631
8633
8634
8635
8636
8638
8641
8642
8644
8646
8647
8651
8653
8654
8656
8657
8659
8660
8661
8662
8667
8670
8671
8673
8675
8676
8677
8680
8682
8683
8686
8697
8698
8699
8703
8707
8711
8713
8716
8719
8722
8727
8729
8730
8731
8736
8737
8739
8745
8747
8748
8752
8754
8755
8760
8765
8767
8774
8775
8777
8781
8782
8783
8786
8788
8789
8792
8801
8803
8805
8806
8810
8812
8813
8818
8820
8823
8824
8826
8828
8830
8831
8833
8835
8837
8838
8840
8848
8852
8855
8856
8858
8859
8860
8862
8865
8867
8868
8869
8872
8874
8875
8876
8880
8881
8885
8887
8889
8891
8893
8894
8899
8900
8905
8906
8908
8910
8911
8912
8913
8916
8921
8926
8927
8929
8930
8939
8940
8941
8942
8945
8948
8949
8950
8954
8955
8960
8962
8967
8970
8971
8972
8974
8978
8981
8982
8984
8985
8988
8990
8992
8996
8997
8999
9002
9005
9011
9012
9013
9025
9027
9028
9031
9033
9035
9040
9043
9047
9051
9053
9056
9059
9060
9061
9068
9072
9076
9077
9080
9081
9083
9084
9089
9090
9095
9098
9099
9100
9101
9103
9104
9109
9110
9111
9114
9115
9121
9123
9125
9128
9129
9130
9132
9135
9136
9139
9143
9148
9154
9156
9158
9163
9164
9166
9167
9168
9169
9170
9171
9173
9177
9180
9181
9182
9184
9185
9187
9192
9194
9195
9196
9197
9200
9201
9205
9207
9209
9211
9214
9215
9216
9217
9218
9221
9222
9226
9227
9229
9230
9233
9238
9240
9242
9248
9250
9251
9254
9267
9269
9271
9272
9273
9274
9277
9281
9282
9285
9288
9295
9297
9298
9301
9304
9309
9311
9314
9318
9321
9322
9326
9329
9331
9332
9335
9337
9339
9341
9343
9347
9350
9352
9353
9354
9355
9356
9358
9359
9362
9363
9372
9373
9381
9383
9386
9387
9390
9392
9395
9397
9400
9403
9405
9406
9409
9410
9413
9415
9421
9427
9429
9432
9434
9435
9436
9437
9448
9451
9456
9457
9458
9462
9464
9465
9469
9470
9473
9477
9479
9480
9485
9486
9488
9489
9491
9493
9496
9499
9501
9502
9503
9509
9510
9511
9512
9514
9516
9517
9519
9520
9523
9524
9527
9531
9533
9535
9543
9546
9548
9553
9554
9556
9557
9561
9562
9564
9566
9568
9572
9574
9579
9580
9585
9588
9594
9596
9597
9600
9602
9610
9612
9613
9614
9619
9621
9625
9629
9636
9638
9639
9641
9642
9646
9647
9648
9650
9653
9655
9659
9663
9665
9666
9670
9674
9677
9680
9681
9685
9686
9690
9692
9693
9697
9699
9701
9706
9707
9709
9711
9712
9717
9719
9726
9729
9731
9732
9733
9736
9737
9739
9740
9741
9745
9746
9756
9757
9759
9760
9762
9763
9768
9769
9771
9772
9774
9775
9783
9784
9788
9789
9790
9792
9796
9797
9799
9800
9806
9809
9811
9820
9823
9824
9826
9830
9834
9837
9838
9841
9851
9852
9853
9854
9856
9857
9858
9859
9864
9865
9866
9867
9868
9870
9871
9872
9875
9878
9880
9884
9886
9887
9888
9889
9899
9900
9901
9908
9910
9911
9914
9916
9919
9922
9923
9924
9925
9926
9927
9932
9933
9935
9938
9940
9945
9952
9959
9960
9961
9963
9965
9968
9969
9970
9972
9975
9976
9978
9979
9980
9982
9987
9989
9990
9991
9992
9994
10000
10001
10005
10006
10012
10014
10016
10017
10020
10021
10026
10028
10030
10031
10035
10036
10039
10044
10047
10048
10049
10052
10055
10057
10058
10059
10060
10061
10063
10064
10067
10071
10072
10074
10080
10082
10085
10087
10088
10090
10093
10094
10096
10097
10101
10103
10105
10108
10111
10114
10115
10116
10118
10119
10126
10132
10136
10138
10147
10149
10150
10151
10152
10153
10155
10157
10159
10161
10163
10166
10168
10169
10172
10176
10177
10178
10180
10181
10183
10184
10185
10192
10198
10199
10201
10204
10205
10207
10210
10212
10214
10217
10218
10221
10225
10226
10227
10229
10241
10245
10247
10249
10250
10251
10252
10254
10261
10265
10266
10267
10271
10273
10274
10276
10277
10279
10280
10281
10284
10286
10292
10293
10294
10296
10299
10302
10308
10310
10312
10315
10316
10318
10320
10324
10326
10327
10330
10331
10334
10335
10336
10337
10338
10340
10341
10342
10343
10344
10345
10347
10351
10353
10356
10359
10360
10361
10367
10368
10373
10377
10378
10380
10381
10386
10390
10391
10392
10399
10400
10403
10404
10408
10409
10417
10418
10419
10421
10422
10425
10427
10432
10435
10436
10437
10439
10442
10450
10453
10457
10460
10461
10462
10463
10465
10469
10471
10472
10473
10474
10479
10481
10482
10484
10486
10487
10490
10497
10499
10501
10502
10505
10511
10512
10513
10516
10518
10521
10526
10527
10530
10532
10534
10535
10537
10538
10544
10546
10549
10550
10556
10557
10558
10559
10560
10563
10565
10567
10568
10573
10576
10577
10578
10582
10588
10591
10593
10594
10595
10596
10597
10598
10600
10603
10610
10611
10616
10621
10624
10626
10627
10628
10629
10632
10636
10637
10640
10642
10643
10645
10646
10648
10649
10650
10653
10656
10657
10660
10661
10662
10668
10670
10672
10675
10681
10682
10683
10684
10689
10690
10691
10692
10695
10699
10701
10704
10706
10707
10709
10710
10711
10713
10714
10715
10716
10717
10718
10719
10722
10724
10725
10728
10729
10730
10731
10733
10738
10744
10745
10755
10756
10757
10758
10759
10763
10766
10771
10772
10773
10775
10782
10783
10785
10786
10793
10795
10796
10800
10801
10803
10804
10806
10807
10808
10809
10810
10814
10815
10820
10821
10822
10824
10825
10833
10834
10837
10839
10841
10843
10844
10845
10849
10851
10853
10860
10861
10862
10867
10870
10873
10874
10875
10880
10881
10884
10886
10892
10896
10898
10899
10902
10908
10909
10912
10913
10914
10915
10916
10920
10923
10925
10926
10927
10928
10931
10933
10937
10938
10941
10944
10949
10950
10953
10956
10960
10961
10962
10964
10965
10966
10967
10968
10973
10974
10975
10976
10979
10980
10986
10990
10991
10993
10996
10997
11000
11001
11003
11006
11008
11013
11015
11019
11020
11022
11028
11029
11031
11035
11036
11038
11039
11040
11042
11043
11045
11047
11048
11049
11051
11052
11054
11063
11066
11069
11070
11071
11072
11075
11079
11081
11085
11086
11088
11092
11096
11106
11109
11110
11112
11118
11119
11127
11132
11138
11141
11147
11152
11154
11155
11160
11163
11164
11165
11166
11170
11172
11173
11174
11177
11183
11187
11188
11194
11195
11196
11200
11201
11202
11203
11206
11209
11212
11213
11215
11217
11219
11221
11230
11232
11233
11234
11237
11242
11243
11245
11246
11249
11255
11261
11262
11269
11276
11278
11280
11281
11282
11287
11290
11291
11292
11295
11297
11300
11301
11302
11304
11305
11308
11310
11313
11315
11317
11319
11320
11322
11326
11328
11334
11338
11341
11342
11343
11345
11351
11352
11353
11355
11356
11357
11358
11360
11362
11365
11366
11367
11369
11370
11372
11374
11380
11382
11383
11384
11390
11392
11394
11395
11396
11398
11401
11406
11407
11414
11418
11419
11421
11422
11425
11426
11427
11429
11431
11435
11436
11437
11439
11440
11441
11444
11445
11450
11458
11461
11462
11465
11466
11469
11472
11473
11475
11478
11481
11483
11486
11487
11488
11493
11498
11505
11507
11508
11512
11513
11514
11515
11517
11520
11521
11523
11525
11529
11534
11540
11542
11543
11549
11550
11556
11559
11565
11566
11567
11571
11575
11576
11580
11581
11582
11587
11592
11595
11599
11600
11611
11614
11615
11616
11617
11619
11620
11622
11628
11631
11633
11636
11639
11640
11641
11642
11650
11651
11654
11657
11659
11662
11671
11672
11673
11674
11675
11684
11686
11687
11688
11690
11694
11695
11696
11698
11702
11704
11705
11709
11712
11713
11717
11723
11726
11727
11728
11729
11730
11731
11732
11733
11734
11737
11739
11744
11746
11751
11753
11754
11756
11757
11761
11763
11767
11777
11787
11790
11793
11794
11796
11801
11802
11810
11811
11824
11825
11826
11828
11834
11836
11838
11840
11842
11843
11844
11845
11846
11847
11849
11854
11855
11856
11858
11860
11861
11863
11872
11873
11875
11877
11878
11879
11881
11884
11887
11889
11890
11896
11900
11904
11906
11910
11914
11916
11917
11921
11928
11930
11934
11938
11939
11941
11942
11943
11944
11945
11948
11949
11950
11951
11953
11954
11958
11962
11963
11964
11965
11967
11970
11971
11974
11975
11976
11977
11984
11985
11986
11987
11988
11990
11992
11999
12000
12001
12004
12005
12006
12009
12011
12012
12014
12016
12020
12021
12023
12024
12025
12031
12036
12039
12041
12045
12051
12052
12053
12054
12059
12060
12062
12064
12065
12066
12069
12070
12072
12075
12076
12081
12082
12084
12089
12091
12093
12094
12096
12098
12099
12100
12101
12102
12103
12104
12105
12109
12110
12111
12112
12113
12119
12122
12127
12133
12135
12136
12139
12141
12142
12144
12147
12148
12152
12153
12154
12158
12159
12160
12162
12164
12166
12168
12170
12176
12178
12179
12182
12184
12185
12186
12187
12191
12192
12195
12198
12200
12201
12202
12204
12206
12210
12213
12217
12219
12221
12227
12230
12232
12235
12238
12245
12250
12251
12253
12255
12257
12258
12259
12262
12264
12265
12266
12267
12268
12270
12271
12273
12277
12282
12284
12285
12287
12288
12289
12291
12293
12296
12301
12302
12304
12305
12308
12310
12314
12315
12318
12321
12325
12328
12331
12335
12342
12345
12347
12353
12357
12358
12359
12361
12363
12365
12369
12370
12372
12377
12380
12381
12386
12387
12388
12389
12390
12391
12392
12395
12396
12397
12398
12400
12403
12404
12408
12409
12410
12411
12412
12413
12417
12418
12420
12433
12434
12435
12440
12444
12446
12447
12448
12449
12453
12455
12456
12457
12459
12460
12464
12466
12467
12469
12470
12474
12477
12481
12482
12486
12489
12492
12493
12494
12495
12497
12500
12503
12504
12505
12506
12507
12508
12513
12514
12515
12520
12521
12525
12526
12527
12529
12538
12540
12541
12542
12543
12546
12547
12548
12549
12552
12554
12555
12556
12557
12562
12564
12567
12570
12571
12573
12580
12581
12589
12590
12591
12594
12596
12598
12600
12611
12613
12615
12617
12618
12620
12622
12625
12628
12633
12634
12636
12641
12645
12650
12654
12655
12656
12657
12658
12661
12666
12667
12671
12675
12677
12680
12682
12688
12690
12698
12706
12707
12709
12710
12713
12714
12716
12717
12721
12723
12725
12726
12729
12730
12731
12732
12733
12735
12742
12744
12746
12748
12749
12760
12761
12762
12768
12769
12772
12777
12779
12781
12794
12798
12802
12805
12808
12810
12811
12812
12816
12818
12822
12823
12825
12828
12830
12831
12835
12836
12838
12845
12848
12849
12853
12856
12857
12860
12863
12865
12866
12869
12877
12878
12879
12882
12885
12887
12892
12896
12897
12899
12903
12905
12908
12910
12913
12914
12916
12917
12918
12922
12930
12931
12932
12933
12938
12947
12949
12951
12953
12956
12957
12968
12972
12980
12981
12983
12984
12986
12987
12988
12989
12993
12995
13004
13005
13006
13008
13015
13018
13031
13035
13036
13037
13040
13042
13043
13048
13052
13053
13061
13062
13069
13070
13072
13073
13075
13077
13078
13079
13081
13082
13083
13086
13088
13091
13093
13099
13101
13104
13105
13107
13108
13111
13112
13114
13116
13117
13119
13122
13124
13130
13137
13138
13144
13147
13149
13156
13157
13158
13161
13162
13164
13165
13166
13167
13169
13176
13179
13181
13187
13188
13192
13194
13196
13201
13202
13203
13204
13208
13211
13215
13216
13218
13221
13224
13226
13228
13231
13234
13236
13238
13240
13246
13247
13248
13249
13251
13252
13253
13254
13256
13258
13261
13266
13267
13273
13274
13278
13280
13282
13284
13286
13294
13296
13299
13300
13303
13306
13307
13308
13310
13312
13319
13320
13322
13323
13325
13330
13338
13348
13349
13350
13351
13352
13363
13369
13373
13377
13378
13380
13381
13382
13383
13384
13385
13387
13389
13390
13391
13396
13401
13402
13403
13408
13410
13412
13415
13416
13421
13423
13424
13425
13426
13428
13430
13431
13432
13434
13435
13438
13439
13444
13445
13448
13458
13459
13464
13465
13466
13467
13468
13469
13472
13473
13479
13484
13485
13489
13490
13494
13495
13496
13513
13519
13523
13527
13528
13532
13533
13534
13537
13539
13543
13546
13548
13549
13551
13555
13557
13559
13560
13563
13565
13568
13569
13574
13576
13579
13580
13584
13585
13587
13589
13591
13593
13595
13596
13597
13598
13601
13602
13603
13605
13606
13608
13610
13611
13612
13615
13616
13622
13627
13630
13631
13632
13634
13636
13637
13638
13640
13643
13646
13649
13651
13654
13658
13659
13660
13661
13663
13664
13666
13667
13668
13669
13670
13673
13675
13677
13678
13681
13683
13684
13685
13686
13689
13691
13694
13695
13696
13698
13699
13701
13706
13707
13709
13712
13714
13718
13719
13725
13726
13727
13730
13733
13735
13736
13737
13742
13744
13746
13748
13751
13752
13753
13754
13757
13760
13762
13763
13764
13765
13772
13774
13776
13780
13785
13787
13789
13793
13794
13795
13799
13801
13806
13808
13809
13810
13813
13814
13815
13817
13818
13819
13821
13822
13823
13824
13825
13827
13829
13831
13833
13835
13839
13841
13843
13844
13845
13846
13847
13850
13857
13858
13863
13866
13867
13868
13871
13872
13873
13874
13878
13883
13884
13886
13887
13892
13893
13894
13895
13896
13898
13901
13902
13905
13906
13908
13911
13915
13916
13917
13918
13919
13922
13923
13929
13932
13934
13935
13936
13939
13940
13946
13948
13952
13955
13956
13957
13962
13967
13969
13970
13971
13972
13985
13989
13991
13992
13994
13997
13999
14001
14008
14014
14017
14020
14021
14023
14024
14025
14029
14031
14034
14035
14037
14038
14040
14041
14042
14045
14047
14049
14052
14053
14057
14058
14059
14061
14062
14066
14067
14070
14076
14077
14081
14082
14083
14084
14087
14094
14097
14101
14105
14111
14117
14118
14120
14122
14123
14127
14128
14132
14133
14135
14139
14141
14148
14149
14151
14154
14155
14157
14158
14161
14165
14166
14167
14168
14170
14174
14175
14176
14178
14181
14182
14183
14184
14186
14189
14190
14191
14192
14195
14197
14198
14201
14204
14205
14207
14214
14215
14219
14221
14222
14224
14227
14228
14229
14236
14237
14239
14241
14242
14243
14249
14251
14254
14256
14258
14259
14260
14261
14263
14264
14269
14271
14272
14279
14280
14285
14286
14288
14291
14292
14293
14294
14295
14297
14299
14305
14310
14311
14315
14320
14321
14324
14325
14327
14328
14329
14330
14331
14333
14334
14335
14337
14338
14339
14341
14344
14348
14351
14352
14353
14357
14361
14362
14363
14364
14365
14368
14369
14373
14376
14379
14380
14382
14383
14388
14389
14394
14395
14402
14403
14406
14408
14409
14410
14411
14421
14422
14423
14428
14429
14431
14432
14433
14434
14437
14440
14445
14446
14449
14451
14452
14453
14454
14455
14457
14464
14465
14468
14470
14482
14483
14484
14485
14487
14489
14490
14491
14492
14493
14494
14501
14503
14504
14506
14508
14509
14510
14513
14514
14516
14518
14521
14522
14524
14527
14533
14535
14536
14543
14544
14545
14546
14551
14554
14560
14562
14567
14568
14569
14571
14572
14574
14576
14593
14595
14598
14600
14604
14609
14611
14612
14615
14616
14617
14620
14623
14631
14632
14633
14637
14638
14641
14643
14645
14648
14649
14654
14658
14659
14661
14662
14667
14669
14670
14671
14673
14677
14679
14683
14684
14685
14687
14690
14692
14693
14694
14697
14699
14700
14701
14702
14703
14704
14706
14708
14713
14714
14718
14721
14723
14728
14732
14734
14737
14740
14741
14743
14746
14747
14749
14751
14755
14758
14759
14762
14765
14766
14768
14769
14770
14775
14778
14781
14786
14788
14790
14792
14796
14797
14801
14809
14810
14816
14820
14822
14825
14826
14829
14830
14831
14835
14838
14840
14841
14842
14843
14844
14845
14852
14855
14859
14862
14864
14865
14866
14868
14872
14874
14877
14878
14879
14880
14883
14884
14888
14891
14892
14898
14901
14908
14910
14911
14912
14913
14914
14916
14917
14918
14921
14933
14936
14937
14939
14940
14946
14949
14950
14953
14955
14956
14964
14965
14966
14968
14970
14971
14974
14975
14979
14981
14982
14983
14984
14986
14987
14989
14990
14991
14993
14996
14997
14998
15000
15005
15010
15012
15013
15014
15015
15016
15017
15018
15020
15021
15026
15029
15030
15038
15042
15043
15046
15048
15049
15051
15052
15059
15062
15064
15065
15067
15068
15069
15070
15071
15072
15074
15080
15081
15083
15088
15092
15096
15097
15099
15100
15101
15104
15105
15109
15110
15112
15113
15114
15116
15118
15119
15120
15121
15136
15137
15138
15140
15144
15145
15146
15147
15149
15152
15153
15154
15158
15159
15160
15162
15167
15169
15170
15173
15177
15185
15186
15188
15193
15198
15205
15207
15210
15216
15217
15219
15220
15221
15223
15224
15226
15230
15233
15234
15235
15237
15238
15239
15243
15244
15245
15246
15247
15248
15249
15251
15252
15254
15256
15262
15263
15264
15265
15267
15268
15270
15271
15272
15273
15274
15275
15277
15278
15279
15281
15282
15284
15285
15292
15294
15295
15299
15302
15303
15304
15306
15307
15313
15315
15317
15318
15320
15321
15322
15323
15324
15330
15332
15333
15336
15340
15344
15345
15346
15348
15350
15351
15355
15356
15358
15360
15361
15363
15368
15374
15375
15377
15378
15379
15380
15381
15383
15385
15386
15387
15390
15392
15393
15395
15396
15400
15402
15404
15412
15416
15417
15420
15421
15422
15423
15426
15428
15429
15430
15431
15437
15439
15442
15443
15444
15445
15448
15452
15454
15457
15460
15462
15465
15470
15471
15473
15476
15479
15481
15485
15486
15487
15489
15490
15491
15493
15500
15506
15509
15519
15522
15525
15526
15527
15529
15533
15534
15536
15540
15541
15542
15546
15549
15551
15552
15554
15557
15559
15560
15561
15563
15564
15566
15567
15569
15570
15571
15573
15577
15578
15579
15580
15582
15583
15584
15586
15587
15588
15589
15591
15593
15594
15597
15598
15599
15600
15603
15605
15606
15607
15609
15611
15614
15617
15621
15623
15624
15628
15629
15630
15631
15632
15637
15639
15645
15646
15650
15651
15652
15653
15655
15657
15659
15660
15663
15664
15668
15671
15679
15683
15685
15687
15688
15689
15692
15693
15697
15701
15702
15703
15704
15708
15709
15716
15719
15720
15721
15722
15723
15725
15726
15732
15733
15735
15736
15739
15741
15742
15743
15748
15750
15754
15757
15761
15762
15764
15765
15767
15768
15773
15777
15778
15780
15783
15785
15788
15789
15790
15791
15793
15794
15798
15799
15801
15802
15803
15805
15806
15807
15809
15815
15818
15825
15826
15827
15828
15829
15830
15831
15832
15833
15834
15837
15841
15843
15844
15847
15853
15854
15855
15858
15859
15862
15863
15869
15870
15872
15873
15874
15875
15876
15881
15882
15883
15884
15886
15887
15888
15893
15897
15898
15903
15909
15911
15912
15917
15920
15922
15924
15927
15928
15929
15933
15934
15935
15936
15939
15940
15942
15943
15946
15948
15951
15954
15958
15959
15969
15973
15974
15975
15983
15986
15988
15995
15996
15997
16001
16004
16005
16008
16012
16015
16023
16025
16028
16030
16031
16032
16033
16035
16037
16040
16041
16042
16043
16045
16046
16048
16051
16053
16054
16055
16059
16063
16068
16070
16071
16072
16074
16075
16076
16077
16079
16081
16084
16085
16088
16089
16090
16093
16095
16096
16098
16100
16101
16105
16106
16107
16108
16112
16121
16123
16125
16130
16136
16137
16139
16141
16144
16145
16148
16149
16150
16151
16152
16155
16158
16159
16160
16167
16168
16170
16174
16176
16177
16178
16180
16181
16186
16187
16189
16190
16196
16197
16201
16203
16205
16212
16213
16216
16218
16220
16221
16227
16229
16234
16236
16242
16246
16247
16248
16249
16250
16252
16256
16257
16258
16259
16263
16264
16265
16268
16269
16271
16274
16277
16279
16283
16286
16287
16291
16298
16300
16301
16307
16308
16312
16313
16317
16319
16321
16327
16335
16336
16337
16342
16350
16355
16356
16359
16361
16363
16366
16367
16368
16370
16372
16373
16378
16380
16387
16388
16390
16391
16392
16394
16395
16400
16401
16403
16404
16405
16407
16408
16410
16411
16412
16413
16414
16416
16421
16424
16428
16429
16433
16436
16442
16443
16447
16448
16449
16450
16454
16455
16458
16459
16460
16464
16465
16466
16472
16473
16477
16480
16488
16489
16490
16491
16493
16494
16496
16501
16502
16504
16507
16508
16510
16511
16512
16513
16514
16518
16521
16522
16523
16524
16528
16529
16535
16538
16543
16549
16550
16552
16554
16558
16559
16561
16562
16568
16569
16572
16573
16574
16577
16582
16583
16586
16588
16590
16591
16593
16596
16598
16600
16602
16604
16605
16606
16609
16611
16618
16619
16620
16621
16624
16625
16628
16629
16631
16633
16636
16638
16640
16642
16643
16644
16645
16647
16648
16651
16658
16659
16660
16663
16666
16668
16672
16674
16675
16676
16680
16684
16687
16688
16690
16691
16692
16693
16696
16703
16704
16705
16706
16709
16710
16712
16714
16716
16717
16718
16722
16725
16726
16727
16728
16732
16737
16738
16739
16741
16745
16746
16749
16750
16753
16754
16756
16767
16769
16772
16781
16784
16785
16786
16794
16795
16804
16807
16808
16809
16810
16812
16813
16815
16819
16821
16822
16825
16835
16836
16837
16839
16841
16845
16847
16848
16849
16851
16855
16856
16859
16867
16873
16881
16882
16886
16888
16890
16891
16894
16895
16896
16900
16901
16902
16905
16909
16910
16914
16915
16917
16918
16919
16928
16930
16934
16936
16937
16947
16948
16949
16950
16952
16956
16957
16959
16960
16961
16965
16966
16968
16969
16972
16974
16975
16978
16982
16989
16995
16997
17001
17003
17006
17009
17011
17014
17016
17018
17021
17022
17026
17027
17031
17033
17034
17036
17037
17041
17042
17044
17046
17052
17054
17057
17066
17071
17075
17079
17083
17086
17093
17095
17096
17097
17099
17100
17102
17104
17109
17112
17118
17120
17123
17125
17127
17128
17130
17132
17133
17134
17137
17139
17142
17143
17145
17146
17148
17149
17150
17152
17153
17155
17156
17157
17158
17160
17162
17165
17166
17169
17170
17176
17177
17182
17183
17184
17189
17192
17193
17194
17197
17198
17199
17201
17211
17215
17216
17217
17220
17222
17223
17224
17231
17232
17235
17239
17240
17243
17244
17245
17250
17251
17253
17254
17261
17264
17265
17270
17272
17273
17274
17277
17284
17285
17287
17288
17294
17295
17299
17300
17301
17303
17309
17310
17312
17316
17320
17322
17324
17326
17327
17339
17341
17342
17345
17346
17351
17354
17360
17363
17364
17366
17367
17370
17372
17373
17379
17380
17381
17385
17388
17389
17392
17393
17394
17397
17408
17411
17412
17414
17416
17417
17418
17419
17425
17429
17435
17441
17442
17444
17450
17452
17454
17455
17457
17458
17459
17462
17468
17469
17472
17473
17474
17475
17476
17478
17479
17482
17487
17488
17489
17494
17498
17502
17504
17505
17506
17510
17511
17514
17519
17520
17522
17523
17525
17529
17535
17537
17539
17540
17542
17543
17544
17549
17553
17554
17557
17558
17564
17566
17567
17573
17577
17582
17584
17585
17588
17590
17593
17601
17604
17607
17610
17613
17616
17619
17621
17622
17625
17627
17630
17631
17634
17635
17636
17637
17638
17642
17645
17646
17649
17651
17652
17654
17655
17656
17658
17662
17664
17668
17670
17672
17677
17686
17687
17688
17689
17694
17696
17699
17701
17704
17706
17709
17711
17717
17718
17720
17726
17728
17732
17733
17735
17739
17743
17745
17746
17747
17748
17749
17754
17764
17766
17767
17768
17769
17777
17779
17783
17784
17787
17788
17790
17791
17794
17795
17798
17799
17800
17801
17802
17806
17807
17809
17812
17815
17818
17823
17825
17828
17830
17831
17833
17834
17837
17841
17844
17847
17849
17850
17851
17854
17856
17858
17859
17860
17862
17863
17864
17866
17867
17868
17869
17871
17872
17874
17875
17876
17877
17888
17889
17892
17893
17895
17896
17900
17903
17906
17908
17910
17911
17912
17913
17915
17917
17918
17923
17924
17925
17929
17930
17931
17935
17936
17938
17942
17943
17944
17945
17946
17948
17949
17950
17954
17956
17958
17959
17961
17962
17963
17965
17968
17971
17976
17978
17979
17987
17988
17989
17990
17994
17995
17997
17998
18000
18004
18009
18015
18017
18018
18019
18020
18021
18023
18024
18025
18028
18029
18030
18031
18032
18034
18035
18037
18039
18043
18045
18046
18047
18048
18049
18052
18054
18060
18062
18063
18064
18066
18067
18069
18071
18072
18076
18077
18078
18080
18084
18085
18087
18088
18089
18090
18093
18094
18096
18100
18103
18105
18111
18119
18120
18121
18122
18123
18124
18125
18127
18128
18132
18133
18136
18139
18142
18143
18144
18146
18149
18150
18152
18154
18155
18157
18159
18161
18162
18165
18166
18167
18168
18171
18172
18173
18176
18180
18188
18191
18193
18194
18195
18197
18200
18203
18204
18205
18207
18209
18212
18213
18214
18218
18221
18223
18224
18225
18230
18233
18235
18236
18237
18241
18243
18254
18255
18256
18264
18267
18269
18273
18276
18279
18280
18283
18286
18288
18289
18290
18293
18296
18299
18301
18303
18305
18310
18311
18326
18332
18333
18334
18335
18337
18338
18339
18340
18342
18344
18345
18347
18350
18352
18358
18359
18360
18361
18363
18364
18369
18374
18375
18376
18378
18381
18383
18385
18387
18391
18397
18403
18406
18408
18412
18416
18418
18419
18421
18422
18424
18429
18430
18431
18432
18436
18440
18443
18444
18445
18454
18455
18457
18459
18460
18467
18471
18472
18473
18474
18476
18478
18481
18482
18486
18489
18491
18493
18495
18499
18500
18505
18509
18511
18514
18515
18517
18520
18523
18527
18529
18531
18535
18536
18538
18540
18544
18549
18550
18554
18556
18563
18564
18566
18567
18570
18574
18578
18580
18581
18586
18587
18590
18600
18602
18604
18605
18606
18607
18609
18611
18613
18614
18615
18616
18617
18620
18622
18626
18640
18641
18645
18646
18647
18648
18649
18650
18651
18653
18654
18655
18658
18660
18663
18664
18665
18668
18671
18672
18673
18674
18679
18680
18683
18685
18687
18689
18690
18693
18694
18696
18698
18700
18702
18706
18710
18712
18713
18714
18716
18718
18720
18721
18723
18725
18727
18731
18735
18736
18737
18739
18741
18744
18746
18747
18748
18749
18753
18754
18756
18757
18759
18773
18775
18776
18777
18779
18783
18785
18787
18788
18793
18794
18796
18797
18798
18800
18802
18803
18804
18806
18808
18811
18818
18820
18822
18828
18829
18831
18835
18838
18840
18846
18852
18855
18859
18861
18865
18869
18871
18872
18873
18874
18875
18878
18884
18886
18889
18891
18892
18897
18903
18905
18908
18911
18912
18913
18917
18918
18921
18923
18924
18925
18929
18930
18931
18933
18936
18940
18941
18942
18947
18948
18952
18953
18956
18958
18959
18961
18964
18965
18966
18969
18971
18973
18974
18977
18978
18979
18983
18984
18985
18986
18987
18989
18990
18991
18992
18993
18995
18996
18997
18999
19000
19003
19004
19005
19007
19008
19010
19011
19012
19014
19016
19022
19024
19026
19027
19028
19030
19031
19032
19034
19036
19038
19040
19042
19043
19045
19046
19047
19048
19049
19050
19051
19053
19054
19055
19057
19060
19067
19068
19069
19070
19071
19076
19078
19082
19084
19089
19092
19094
19095
19096
19098
19099
19104
19105
19108
19110
19111
19112
19123
19126
19127
19128
19131
19132
19133
19135
19138
19139
19140
19145
19146
19149
19150
19152
19154
19155
19157
19158
19160
19161
19162
19163
19164
19165
19168
19171
19172
19173
19176
19178
19179
19181
19184
19185
19188
19191
19193
19194
19199
19203
19205
19207
19210
19211
19214
19215
19222
19225
19228
19231
19232
19234
19235
19237
19238
19240
19241
19242
19248
19250
19254
19255
19256
19262
19263
19266
19267
19271
19275
19277
19278
19280
19281
19284
19285
19287
19290
19292
19295
19301
19302
19303
19304
19305
19309
19315
19319
19325
19326
19328
19329
19330
19331
19332
19334
19343
19345
19350
19353
19358
19360
19363
19364
19365
19367
19368
19371
19373
19377
19378
19383
19386
19389
19390
19395
19397
19400
19401
19402
19403
19404
19406
19409
19410
19411
19412
19414
19416
19418
19420
19422
19424
19427
19428
19430
19433
19438
19439
19440
19446
19451
19458
19459
19463
19465
19466
19467
19472
19473
19474
19476
19478
19479
19481
19484
19489
19490
19492
19494
19495
19498
19500
19503
19504
19509
19511
19512
19513
19515
19516
19518
19524
19528
19529
19530
19531
19532
19533
19534
19535
19536
19540
19552
19554
19556
19559
19560
19562
19563
19564
19566
19567
19569
19576
19577
19581
19582
19584
19586
19588
19589
19590
19592
19594
19598
19602
19603
19604
19605
19606
19607
19610
19613
19617
19619
19620
19621
19622
19624
19626
19627
19629
19631
19637
19638
19642
19649
19657
19659
19661
19665
19669
19672
19675
19681
19682
19684
19686
19688
19690
19691
19692
19693
19695
19696
19697
19699
19700
19702
19705
19706
19710
19713
19716
19719
19725
19726
19728
19729
19730
19733
19735
19736
19737
19738
19739
19741
19743
19745
19747
19754
19756
19757
19761
19762
19765
19766
19767
19769
19774
19777
19784
19786
19787
19790
19791
19792
19794
19795
19799
19801
19802
19803
19809
19813
19814
19818
19821
19822
19823
19825
19826
19828
19833
19836
19841
19845
19846
19849
19851
19853
19856
19857
19858
19863
19864
19866
19867
19869
19870
19872
19874
19878
19879
19881
19893
19895
19896
19897
19898
19899
19901
19906
19907
19908
19909
19913
19918
19919
19920
19922
19924
19927
19928
19929
19931
19933
19935
19937
19938
19939
19946
19947
19949
19951
19952
19954
19955
19957
19961
19963
19964
19965
19968
19969
19970
19972
19978
19980
19981
19982
19989
19995
19996
19997
20000
20002
20003
20005
20006
20008
20021
20027
20029
20030
20032
20034
20036
20037
20038
20042
20047
20048
20050
20053
20055
20061
20062
20063
20065
20071
20072
20073
20074
20076
20079
20081
20088
20089
20094
20097
20098
20100
20101
20103
20104
20105
20106
20107
20108
20110
20112
20114
20115
20117
20118
20119
20121
20122
20123
20124
20128
20132
20133
20134
20137
20142
20144
20146
20147
20150
20151
20154
20155
20156
20157
20159
20160
20161
20162
20164
20165
20169
20171
20172
20174
20175
20176
20178
20182
20185
20189
20195
20196
20197
20202
20208
20209
20210
20212
20213
20214
20215
20216
20218
20219
20222
20225
20231
20234
20239
20241
20243
20245
20250
20251
20252
20261
20266
20267
20269
20278
20279
20280
20284
20291
20292
20294
20295
20298
20299
20305
20307
20312
20313
20316
20318
20319
20323
20324
20329
20331
20343
20345
20348
20349
20352
20353
20355
20359
20362
20364
20369
20371
20375
20381
20382
20385
20386
20389
20391
20393
20394
20397
20399
20402
20403
20407
20409
20413
20414
20415
20416
20418
20419
20420
20425
20427
20428
20429
20430
20431
20433
20435
20437
20439
20441
20442
20443
20446
20450
20456
20460
20461
20463
20467
20471
20480
20481
20484
20485
20486
20492
20493
20494
20499
20502
20503
20505
20506
20508
20509
20511
20513
20515
20520
20523
20524
20527
20531
20532
20534
20536
20544
20546
20548
20549
20550
20551
20552
20554
20557
20558
20561
20565
20569
20571
20573
20574
20575
20576
20577
20578
20579
20581
20587
20588
20590
20593
20596
20597
20603
20604
20607
20611
20612
20613
20615
20617
20619
20621
20624
20625
20630
20631
20634
20637
20638
20640
20641
20643
20646
20649
20654
20666
20668
20669
20670
20671
20674
20676
20677
20679
20682
20684
20687
20688
20690
20692
20695
20696
20699
20700
20701
20702
20704
20708
20713
20715
20716
20720
20722
20726
20727
20729
20730
20733
20735
20738
20739
20740
20741
20742
20746
20748
20750
20754
20755
20756
20759
20762
20763
20764
20767
20769
20771
20772
20773
20774
20777
20778
20780
20782
20784
20785
20792
20795
20796
20797
20799
20801
20804
20805
20807
20809
20810
20811
20813
20818
20821
20822
20823
20824
20825
20828
20829
20831
20832
20835
20838
20839
20843
20845
20846
20847
20848
20849
20850
20852
20856
20857
20859
20862
20864
20866
20867
20872
20878
20880
20882
20883
20884
20886
20890
20891
20892
20893
20894
20897
20901
20903
20904
20905
20908
20909
20914
20915
20919
20920
20921
20923
20926
20927
20929
20930
20931
20935
20938
20939
20943
20944
20947
20948
20949
20954
20955
20956
20962
20963
20964
20965
20968
20974
20976
20979
20981
20983
20984
20985
20987
20988
20989
20990
20991
20993
20994
20995
20999
21000
21002
21008
21009
21010
21011
21016
21017
21021
21022
21023
21026
21028
21029
21030
21031
21032
21033
21036
21038
21040
21041
21043
21044
21049
21053
21054
21055
21056
21057
21059
21066
21067
21069
21070
21072
21074
21079
21081
21086
21090
21101
21103
21105
21110
21117
21120
21121
21123
21124
21125
21126
21129
21131
21134
21136
21137
21140
21143
21144
21147
21148
21149
21150
21152
21154
21155
21159
21161
21163
21164
21165
21166
21167
21168
21169
21171
21173
21177
21179
21180
21181
21187
21189
21190
21191
21192
21193
21197
21200
21201
21203
21205
21208
21210
21217
21218
21219
21221
21225
21228
21229
21232
21233
21234
21239
21243
21248
21251
21260
21261
21262
21264
21265
21267
21269
21270
21272
21273
21276
21277
21278
21280
21281
21282
21285
21287
21290
21291
21292
21295
21298
21300
21306
21307
21308
21310
21311
21316
21319
21321
21323
21324
21326
21328
21331
21332
21333
21334
21339
21340
21341
21349
21350
21352
21353
21356
21357
21361
21363
21364
21369
21371
21376
21381
21382
21385
21389
21391
21402
21403
21406
21408
21412
21415
21416
21417
21421
21423
21424
21425
21426
21430
21431
21432
21433
21434
21435
21436
21441
21442
21444
21445
21448
21449
21450
21451
21453
21454
21458
21460
21462
21464
21467
21471
21473
21475
21476
21478
21482
21485
21491
21492
21493
21494
21497
21498
21499
21500
21503
21505
21506
21507
21509
21511
21512
21515
21516
21517
21518
21520
21522
21529
21530
21532
21533
21534
21535
21536
21539
21540
21542
21545
21546
21547
21548
21551
21553
21556
21560
21566
21569
21572
21573
21580
21582
21588
21589
21592
21594
21596
21597
21599
21600
21601
21604
21606
21608
21610
21612
21614
21615
21618
21620
21622
21625
21628
21629
21634
21643
21646
21647
21648
21650
21656
21657
21658
21659
21669
21670
21671
21674
21676
21678
21679
21682
21685
21686
21688
21689
21694
21701
21702
21704
21705
21709
21713
21714
21716
21719
21721
21722
21723
21725
21728
21730
21732
21734
21742
21749
21751
21753
21755
21756
21759
21761
21767
21768
21770
21771
21772
21777
21782
21784
21790
21795
21796
21798
21799
21800
21801
21802
21805
21809
21810
21811
21812
21814
21815
21818
21820
21822
21824
21829
21830
21832
21835
21842
21845
21846
21849
21850
21851
21852
21855
21856
21857
21858
21860
21862
21863
21866
21867
21874
21879
21883
21886
21888
21891
21892
21894
21896
21899
21900
21902
21903
21905
21907
21908
21909
21910
21911
21913
21915
21917
21921
21929
21930
21934
21944
21945
21947
21951
21952
21953
21957
21958
21960
21964
21967
21968
21971
21978
21982
21983
21985
21988
21991
21992
21994
21996
21997
21999
22004
22005
22008
22009
22010
22012
22013
22014
22016
22017
22018
22019
22020
22021
22026
22027
22029
22031
22033
22037
22040
22042
22044
22046
22047
22049
22051
22054
22055
22056
22058
22063
22065
22066
22072
22076
22077
22078
22084
22087
22088
22089
22090
22092
22093
22095
22097
22101
22103
22105
22107
22110
22111
22112
22114
22116
22120
22121
22125
22128
22135
22138
22140
22141
22142
22143
22147
22149
22151
22152
22155
22156
22159
22160
22161
22162
22165
22168
22172
22176
22177
22179
22180
22181
22184
22185
22186
22190
22192
22193
22195
22196
22199
22207
22208
22211
22212
22215
22217
22218
22220
22221
22222
22223
22224
22225
22228
22232
22234
22236
22237
22239
22243
22246
22249
22250
22259
22261
22263
22265
22268
22273
22275
22276
22278
22280
22281
22282
22284
22286
22290
22293
22294
22295
22297
22300
22303
22306
22313
22316
22320
22321
22322
22325
22329
22330
22332
22334
22337
22338
22339
22345
22347
22353
22354
22356
22357
22358
22359
22360
22365
22366
22368
22371
22372
22377
22384
22386
22389
22390
22391
22392
22393
22394
22395
22396
22397
22398
22400
22403
22404
22405
22406
22407
22409
22411
22412
22413
22416
22418
22421
22424
22425
22429
22434
22438
22441
22446
22448
22450
22451
22452
22453
22455
22458
22461
22462
22469
22471
22472
22473
22477
22479
22480
22481
22482
22484
22486
22489
22494
22499
22501
22504
22507
22508
22511
22512
22514
22516
22519
22520
22522
22523
22526
22528
22530
22531
22534
22535
22537
22540
22541
22547
22548
22551
22553
22554
22557
22559
22561
22564
22568
22570
22572
22574
22577
22581
22585
22586
22587
22593
22594
22598
22600
22605
22606
22608
22609
22610
22612
22613
22623
22626
22628
22629
22632
22633
22640
22644
22650
22653
22654
22657
22659
22661
22662
22663
22664
22672
22677
22679
22681
22682
22683
22686
22687
22689
22691
22694
22697
22699
22705
22706
22709
22710
22714
22715
22716
22718
22719
22721
22723
22727
22728
22729
22730
22735
22737
22741
22744
22746
22747
22749
22751
22752
22758
22759
22760
22761
22763
22764
22765
22771
22772
22773
22784
22786
22788
22789
22796
22797
22800
22801
22803
22806
22807
22813
22817
22821
22822
22823
22824
22825
22833
22835
22838
22839
22840
22845
22846
22847
22849
22850
22852
22853
22855
22856
22857
22861
22862
22863
22866
22867
22875
22879
22881
22883
22885
22889
22895
22897
22899
22901
22902
22903
22904
22905
22906
22907
22909
22912
22916
22917
22921
22924
22926
22942
22946
22948
22950
22953
22955
22957
22958
22964
22968
22974
22975
22983
22984
22985
22986
22991
22995
22996
22998
22999
23000
23005
23006
23008
23009
23010
23011
23012
23015
23021
23028
23031
23032
23034
23036
23037
23038
23041
23045
23048
23053
23054
23056
23057
23058
23064
23067
23068
23070
23072
23082
23083
23084
23086
23088
23089
23090
23094
23095
23097
23099
23103
23109
23110
23114
23117
23118
23125
23126
23129
23132
23133
23135
23136
23138
23141
23142
23144
23145
23150
23154
23155
23156
23161
23162
23164
23165
23170
23173
23174
23176
23178
23182
23183
23184
23186
23187
23188
23189
23194
23196
23204
23205
23206
23213
23214
23216
23217
23221
23222
23225
23231
23232
23233
23244
23245
23249
23250
23251
23252
23253
23254
23260
23261
23262
23264
23267
23269
23270
23275
23281
23282
23286
23287
23293
23298
23299
23302
23303
23304
23305
23306
23307
23309
23312
23315
23319
23327
23328
23329
23332
23333
23334
23340
23342
23343
23344
23345
23346
23347
23349
23351
23352
23356
23357
23363
23364
23365
23367
23369
23372
23375
23377
23378
23379
23384
23385
23386
23387
23390
23392
23393
23395
23396
23400
23402
23408
23412
23413
23414
23420
23422
23423
23424
23425
23427
23428
23438
23443
23444
23446
23447
23448
23455
23460
23464
23467
23477
23478
23481
23483
23484
23485
23486
23487
23493
23495
23497
23499
23503
23504
23506
23508
23510
23511
23512
23514
23517
23521
23522
23524
23526
23527
23529
23533
23535
23537
23539
23541
23543
23545
23546
23547
23551
23553
23561
23562
23567
23568
23569
23574
23576
23581
23582
23583
23586
23588
23589
23593
23594
23596
23599
23600
23603
23605
23607
23614
23615
23617
23619
23622
23624
23625
23626
23628
23632
23639
23640
23641
23642
23645
23646
23648
23650
23651
23656
23659
23662
23664
23668
23669
23670
23672
23677
23678
23679
23681
23684
23692
23693
23696
23698
23699
23700
23701
23704
23706
23708
23709
23710
23715
23719
23720
23721
23722
23724
23725
23726
23727
23728
23730
23731
23733
23734
23735
23736
23743
23746
23747
23748
23750
23752
23754
23757
23758
23761
23762
23767
23769
23773
23775
23776
23777
23782
23787
23791
23792
23793
23796
23797
23798
23799
23802
23806
23812
23816
23819
23820
23821
23826
23828
23829
23830
23831
23832
23833
23839
23840
23841
23842
23844
23845
23850
23853
23855
23857
23859
23868
23869
23873
23874
23875
23879
23882
23886
23894
23896
23897
23898
23899
23900
23901
23902
23905
23907
23915
23918
23919
23922
23924
23928
23929
23931
23932
23940
23942
23944
23947
23951
23954
23955
23959
23960
23961
23963
23964
23966
23967
23968
23969
23973
23980
23982
23984
23985
23986
23990
23991
23992
23993
23994
23995
23997
23998
24000
24003
24005
24007
24011
24013
24017
24022
24024
24027
24028
24034
24037
24039
24041
24045
24047
24050
24052
24058
24059
24062
24065
24066
24069
24072
24075
24078
24079
24085
24086
24087
24088
24089
24090
24091
24093
24094
24098
24101
24102
24103
24110
24113
24115
24116
24125
24127
24129
24130
24132
24137
24139
24141
24142
24144
24147
24149
24153
24154
24156
24157
24158
24161
24163
24166
24171
24172
24173
24174
24176
24179
24181
24183
24184
24185
24188
24190
24191
24192
24193
24194
24196
24199
24200
24201
24207
24208
24212
24213
24214
24215
24216
24217
24218
24220
24221
24222
24224
24226
24227
24235
24237
24239
24245
24246
24248
24249
24251
24258
24259
24260
24261
24274
24276
24279
24286
24289
24290
24291
24293
24299
24300
24301
24302
24305
24307
24308
24310
24313
24314
24316
24318
24319
24325
24326
24327
24328
24330
24333
24334
24339
24344
24345
24352
24356
24358
24360
24362
24363
24364
24365
24366
24368
24376
24382
24383
24385
24390
24391
24392
24399
24405
24412
24419
24421
24422
24427
24428
24429
24433
24434
24436
24437
24445
24450
24451
24452
24453
24454
24457
24460
24464
24468
24469
24470
24472
24476
24478
24479
24480
24481
24485
24487
24488
24489
24497
24498
24499
24502
24503
24506
24509
24511
24516
24518
24519
24522
24524
24526
24527
24529
24530
24531
24532
24535
24537
24538
24543
24545
24548
24549
24551
24553
24554
24555
24556
24558
24560
24561
24569
24570
24571
24572
24574
24578
24580
24582
24591
24593
24594
24595
24600
24601
24602
24603
24604
24605
24608
24609
24615
24616
24617
24618
24619
24622
24623
24624
24626
24630
24631
24632
24633
24634
24635
24643
24646
24654
24656
24657
24658
24659
24665
24667
24672
24675
24676
24681
24682
24685
24686
24687
24690
24693
24695
24697
24706
24707
24708
24709
24712
24721
24722
24724
24725
24730
24732
24734
24740
24744
24745
24746
24747
24748
24767
24768
24769
24770
24772
24773
24774
24775
24777
24780
24781
24783
24785
24789
24790
24794
24795
24796
24799
24804
24806
24809
24811
24812
24813
24814
24815
24818
24820
24821
24825
24829
24834
24836
24838
24841
24845
24847
24849
24850
24851
24853
24865
24869
24872
24873
24874
24879
24880
24881
24884
24887
24888
24891
24894
24896
24897
24900
24902
24906
24907
24908
24910
24911
24912
24915
24916
24919
24920
24924
24925
24927
24928
24931
24933
24939
24942
24943
24949
24950
24956
24963
24966
24970
24971
24973
24975
24979
24985
24989
24990
24992
24993
