4
6
7
11
15
21
31
54
81
84
92
102
116
128
132
149
160
173
191
206
221
234
235
241
246
275
282
289
296
310
315
322
387
388
391
400
405
415
426
433
448
460
464
466
471
473
485
499
501
513
533
538
549
554
562
564
574
576
584
586
588
598
599
602
606
636
637
657
673
674
688
690
694
696
698
700
706
716
723
724
731
748
750
757
762
796
799
806
809
816
821
824
852
859
867
868
869
871
874
876
890
902
903
905
911
915
927
953
954
969
971
978
982
984
990
1000
1002
1003
1015
1023
1024
1035
1038
1040
1042
1069
1101
1116
1133
1143
1149
1150
1162
1165
1168
1199
1202
1203
1236
1242
1253
1261
1269
1279
1303
1304
1326
1333
1346
1347
1355
1398
1404
1424
1428
1437
1443
1450
1456
1461
1464
1488
1489
1490
1493
1496
1499
1507
1510
1544
1550
1559
1594
1596
1597
1603
1619
1633
1644
1645
1696
1712
1720
1740
1748
1766
1772
1777
1778
1782
1796
1802
1810
1816
1821
1828
1851
1867
1871
1903
1919
1949
1955
1958
1960
1978
1979
1980
1981
1985
1989
1992
2026
2037
2080
2130
2137
2139
2147
2150
2167
2182
2208
2234
2247
2256
2259
2270
2283
2323
2324
2333
2334
2357
2358
2369
2379
2388
2389
2442
2451
2462
2466
2491
2493
2494
2506
2512
2517
2522
2535
2581
2600
2603
2604
2609
2610
2631
2633
2636
2637
2648
2650
2658
2674
2686
2687
2700
2705
2718
2720
2740
2742
2749
2750
2757
2764
2797
2799
2806
2820
2862
2882
2913
2934
2945
2955
2960
2988
2989
2990
3000
3005
3010
3030
3040
3043
3058
3076
3077
3088
3090
3092
3094
3106
3115
3116
3161
3163
3207
3226
3235
3247
3259
3275
3294
3296
3317
3370
3382
3401
3423
3438
3449
3456
3470
3477
3498
3499
3512
3513
3515
3538
3546
3555
3560
3580
3587
3601
3625
3655
3665
3670
3677
3684
3696
3700
3702
3728
3730
3737
3746
3756
3759
3780
3791
3796
3807
3816
3827
3828
3855
3857
3861
3867
3869
3886
3893
3901
3904
3907
3909
3914
3917
3918
3924
3932
3962
3963
3967
3978
4016
4017
4031
4036
4059
4064
4067
4071
4072
4073
4083
4095
4099
4107
4119
4128
4129
4142
4144
4156
4159
4160
4162
4164
4188
4190
4191
4200
4205
4209
4212
4215
4216
4220
4221
4222
4226
4227
4231
4234
4235
4239
4243
4248
4249
4251
4255
4256
4260
4268
4272
4275
4283
4286
4292
4294
4299
4303
4306
4308
4313
4314
4319
4322
4324
4337
4354
4355
4361
4368
4371
4372
4379
4387
4388
4390
4392
4393
4399
4403
4415
4431
4445
4449
4456
4462
4468
4479
4496
4501
4506
4525
4532
4534
4544
4545
4547
4552
4557
4563
4565
4567
4568
4578
4580
4582
4591
4594
4623
4628
4629
4638
4649
4654
4658
4673
4687
4688
4694
4709
4712
4713
4718
4731
4733
4736
4740
4743
4752
4753
4768
4770
4786
4791
4792
4795
4813
4814
4819
4825
4827
4831
4842
4845
4848
4862
4863
4869
4874
4876
4878
4882
4883
4890
4894
4906
4915
4917
4919
4920
4921
4933
4938
4941
4945
4949
4951
4958
4966
4968
4971
4974
4981
4984
4993
5007
5009
5031
5060
5063
5069
5081
5097
5112
5119
5120
5121
5146
5151
5158
5160
5168
5170
5182
5188
5190
5194
5196
5201
5203
5214
5224
5225
5227
5234
5249
5251
5253
5265
5271
5273
5277
5278
5284
5303
5316
5317
5327
5331
5343
5351
5367
5374
5376
5377
5383
5399
5402
5420
5422
5430
5434
5436
5440
5464
5468
5469
5476
5478
5484
5496
5499
5503
5514
5515
5533
5540
5542
5544
5554
5555
5570
5581
5587
5596
5611
5612
5623
5625
5627
5630
5636
5641
5650
5657
5658
5676
5682
5683
5684
5696
5699
5704
5716
5726
5736
5750
5752
5753
5754
5757
5760
5774
5778
5788
5789
5791
5792
5804
5806
5807
5813
5814
5816
5823
5826
5834
5881
5900
5924
5931
5941
5949
5955
5963
5965
5971
5978
5990
6001
6020
6026
6032
6034
6037
6040
6047
6049
6052
6059
6066
6088
6095
6101
6112
6114
6115
6123
6134
6141
6151
6155
6188
6197
6207
6209
6217
6218
6222
6225
6227
6241
6246
6250
6256
6263
6265
6267
6269
6271
6279
6280
6284
6285
6306
6310
6315
6318
6321
6322
6331
6339
6344
6349
6358
6379
6384
6392
6394
6398
6415
6428
6446
6464
6478
6489
6501
6504
6507
6518
6533
6545
6552
6558
6574
6585
6588
6591
6604
6605
6610
6613
6621
6634
6636
6645
6646
6654
6664
6673
6687
6696
6704
6709
6711
6716
6719
6721
6728
6736
6748
6766
6771
6784
6789
6795
6803
6812
6819
6832
6841
6842
6857
6862
6866
6870
6884
6911
6918
6929
6954
6959
6962
6972
6978
6983
7004
7007
7009
7016
7018
7024
7026
7060
7066
7068
7075
7078
7093
7095
7099
7109
7110
7120
7133
7140
7171
7178
7179
7185
7191
7201
7202
7205
7218
7222
7225
7237
7240
7242
7247
7250
7251
7258
7267
7273
7281
7300
7305
7320
7331
7332
7349
7362
7374
7381
7413
7418
7439
7450
7452
7456
7467
7468
7477
7487
7505
7511
7512
7522
7528
7532
7538
7544
7547
7549
7558
7560
7564
7565
7570
7573
7587
7611
7612
7629
7639
7661
7670
7675
7676
7687
7709
7724
7753
7759
7761
7766
7767
7778
7782
7786
7794
7798
7814
7833
7837
7839
7884
7885
7908
7911
7919
7920
7924
7931
7940
7947
7950
7953
7958
7980
7982
7985
7987
7992
7996
8014
8020
8022
8033
8065
8085
8088
8098
8113
8138
8141
8146
8151
8161
8166
8179
8180
8184
8189
8192
8229
8252
8269
8270
8272
8299
8304
8311
8313
8317
8322
8323
8354
8359
8368
8375
8376
8378
8401
8403
8406
8421
8457
8466
8473
8481
8488
8495
8501
8507
8513
8520
8523
8536
8541
8555
8571
8578
8584
8591
8609
8629
8631
8653
8656
8657
8672
8682
8687
8689
8696
8699
8716
8722
8730
8732
8736
8737
8740
8741
8746
8747
8748
8753
8755
8756
8763
8790
8809
8812
8838
8839
8841
8850
8856
8886
8889
8898
8905
8912
8922
8929
8952
8975
8985
8991
9001
9043
9047
9062
9063
9068
9080
9081
9083
9104
9105
9110
9163
9221
9227
9229
9235
9247
9248
9254
9295
9309
9312
9319
9321
9323
9339
9341
9351
9353
9356
9367
9372
9373
9376
9383
9387
9405
9413
9433
9444
9458
9467
9473
9475
9520
9524
9526
9573
9574
9583
9597
9602
9608
9610
9613
9629
9632
9639
9641
9666
9682
9692
9701
9711
9716
9732
9739
9788
9789
9806
9811
9822
9829
9846
9865
9870
9876
9892
9915
9924
9926
9929
9970
9977
9991
10017
10036
10041
10045
10047
10077
10080
10087
10094
10102
10105
10108
10119
10124
10125
10166
10172
10176
10181
10209
10212
10214
10217
10230
10237
10249
10261
10265
10283
10293
10295
10300
10303
10305
10308
10312
10337
10345
10349
10353
10367
10395
10404
10408
10410
10442
10465
10472
10479
10512
10513
10526
10530
10544
10569
10594
10596
10628
10641
10645
10653
10660
10675
10706
10718
10725
10726
10728
10734
10757
10759
10769
10802
10809
10820
10841
10861
10872
10874
10875
10943
10975
10977
10986
10988
10997
11019
11032
11038
11041
11063
11071
11083
11089
11102
11104
11119
11145
11155
11156
11174
11175
11187
11194
11203
11219
11224
11234
11253
11255
11279
11287
11315
11326
11327
11330
11343
11373
11386
11398
11445
11449
11481
11506
11546
11554
11568
11570
11586
11589
11621
11650
11699
11747
11753
11782
11783
11794
11802
11827
11838
11840
11855
11863
11872
11875
11878
11912
11928
11936
11948
11955
11969
11976
11986
11990
12009
12014
12019
12039
12041
12054
12081
12084
12085
12100
12132
12146
12162
12164
12166
12182
12185
12197
12206
12207
12222
12228
12230
12242
12243
12261
12275
12276
12277
12298
12318
12331
12339
12379
12380
12403
12411
12423
12440
12485
12486
12511
12529
12546
12580
12595
12620
12625
12647
12653
12658
12677
12713
12718
12743
12761
12766
12768
12774
12778
12800
12814
12817
12821
12836
12837
12842
12849
12855
12857
12875
12879
12889
12908
12918
12937
12953
12980
12986
12988
13001
13009
13046
13061
13083
13088
13094
13122
13147
13158
13176
13178
13187
13211
13228
13231
13235
13261
13274
13280
13310
13323
13368
13382
13383
13401
13424
13434
13440
13458
13459
13469
13503
13509
13548
13553
13565
13585
13595
13649
13658
13659
13667
13673
13681
13685
13706
13707
13713
13714
13715
13752
13754
13764
13768
13791
13792
13794
13804
13806
13809
13846
13848
13859
13869
13871
13920
13921
13939
13940
13946
13956
13958
13961
13969
13977
14031
14051
14055
14060
14081
14087
14101
14107
14141
14163
14175
14180
14210
14212
14219
14221
14224
14240
14260
14263
14280
14293
14299
14315
14331
14344
14408
14419
14426
14433
14440
14453
14455
14457
14459
14472
14484
14506
14524
14529
14535
14541
14545
14584
14595
14606
14607
14613
14614
14616
14622
14635
14644
14646
14648
14656
14657
14663
14679
14686
14699
14705
14730
14752
14755
14758
14766
14784
14793
14820
14890
14901
14903
14913
14917
14921
14924
14949
14970
14973
14991
15005
15009
15014
15021
15042
15046
15067
15072
15074
15108
15129
15137
15163
15172
15182
15199
15203
15208
15218
15235
15272
15273
15292
15295
15320
15323
15356
15368
15374
15386
15396
15403
15404
15407
15415
15420
15422
15442
15473
15483
15485
15486
15491
15511
15573
15574
15575
15587
15588
15594
15610
15622
15628
15631
15636
15637
15639
15640
15641
15667
15685
15687
15703
15709
15761
15778
15781
15788
15794
15799
15802
15806
15831
15887
15935
15942
15957
15958
15960
15969
15981
15989
16026
16065
16066
16068
16071
16074
16076
16088
16095
16107
16128
16131
16145
16147
16155
16157
16177
16183
16185
16187
16188
16190
16196
16233
16249
16271
16276
16289
16293
16294
16300
16324
16364
16367
16377
16379
16393
16400
16424
16432
16449
16454
16460
16508
16513
16626
16627
16663
16680
16712
16713
16769
16831
16917
16918
16943
16964
16998
17002
17006
17026
17051
17052
17076
17083
17110
17122
17126
17134
17135
17148
17153
17215
17222
17266
17287
17314
17339
17360
17370
17375
17394
17423
17472
17488
17525
17564
17591
17662
17664
17676
17696
17726
17729
17732
17747
17761
17802
17807
17833
17847
17941
17959
18010
18026
18047
18049
18058
18070
18072
18085
18096
18112
18127
18142
18144
18146
18149
18155
18164
18172
18176
18180
18191
18228
18231
18233
18235
18243
18249
18252
18260
18276
18279
18289
18310
18344
18368
18369
18422
18432
18447
18474
18500
18508
18523
18527
18541
18550
18567
18570
18591
18603
18607
18644
18647
18662
18673
18694
18697
18736
18759
18778
18782
18842
18871
18885
18903
18905
18911
18918
18921
18925
18926
18940
18943
18989
18995
18997
19004
19007
19020
19036
19060
19087
19132
19145
19158
19164
19172
19194
19197
19199
19213
19218
19237
19257
19263
19290
19292
19302
19328
19373
19379
19382
19397
19438
19453
19455
19464
19465
19496
19509
19521
19556
19566
19576
19586
19622
19625
19664
19733
19735
19772
19786
19791
19806
19819
19856
19861
19885
19935
19980
19996
20055
20063
20072
20079
20095
20103
20105
20110
20122
20123
20140
20207
20210
20225
20266
20279
20294
20312
20319
20326
20387
20399
20456
20464
20486
20499
20523
20532
20569
20577
20579
20593
20631
20668
20701
20715
20728
20751
20793
20800
20807
20823
20837
20853
20923
20969
20971
20989
21001
21009
21011
21018
21026
21040
21058
21068
21081
21135
21180
21182
21225
21231
21247
21265
21281
21285
21307
21324
21335
21353
21404
21419
21431
21438
21471
21493
21499
21507
21542
21559
21563
21567
21609
21623
21652
21684
21705
21727
21748
21756
21762
21770
21777
21802
21866
21881
21897
21937
21971
22015
22033
22057
22097
22115
22116
22124
22147
22149
22239
22246
22334
22355
22368
22377
22392
22398
22426
22442
22448
22470
22477
22479
22481
22498
22507
22522
22528
22529
22533
22537
22569
22609
22620
22628
22638
22688
22690
22704
22714
22728
22740
22744
22761
22783
22789
22799
22814
22819
22848
22865
22871
22903
22906
22907
22913
22924
22951
22961
22978
23003
23006
23032
23059
23083
23099
23132
23148
23159
23170
23173
23176
23184
23189
23206
23208
23210
23233
23240
23246
23247
23259
23292
23346
23352
23394
23395
23404
23431
23441
23444
23486
23496
23499
23522
23569
23573
23576
23621
23622
23639
23657
23686
23697
23708
23714
23763
23768
23812
23833
23858
23870
23894
23930
23944
23972
23975
23986
24014
24052
24054
24066
24095
24110
24148
24155
24191
24200
24219
24231
24236
24242
24273
24275
24285
24299
24303
24310
24320
24343
24362
24383
24396
24418
24421
24435
24439
24447
24448
24452
24456
24458
24462
24483
24501
24526
24528
24531
24541
24558
24560
24561
24569
24570
24572
24578
24583
24593
24595
24598
24600
24606
24623
24624
24659
24681
24683
24685
24702
24707
24727
24741
24767
24782
24787
24808
24819
24848
24851
24882
24896
24915
24921
24928
24933
24951
24963
