15
77
79
113
135
164
213
233
254
277
303
315
391
434
478
520
538
574
594
627
696
700
748
762
776
808
818
866
871
999
1023
1025
1028
1038
1060
1143
1149
1157
1167
1225
1253
1260
1304
1333
1355
1385
1456
1483
1512
1529
1673
1745
1794
1803
1825
1834
1835
1883
1898
1908
1951
1964
1978
1995
2005
2019
2045
2136
2161
2223
2249
2300
2317
2326
2329
2345
2357
2449
2475
2491
2493
2535
2604
2687
2776
2933
2939
2980
2993
3001
3013
3076
3115
3125
3163
3198
3233
3235
3241
3242
3289
3300
3303
3317
3325
3333
3334
3372
3377
3506
3516
3664
3689
3697
3731
3737
3789
3816
3829
3895
3962
4013
4040
4059
4083
4119
4144
4212
4217
4234
4235
4242
4286
4320
4333
4349
4380
4388
4389
4456
4461
4469
4488
4502
4548
4557
4747
4777
4813
4822
4858
4863
4869
4875
4890
4894
4899
4942
4971
4982
5003
5043
5044
5060
5093
5135
5203
5212
5228
5245
5334
5376
5464
5503
5509
5595
5607
5676
5705
5720
5734
5771
5778
5804
5835
5843
5851
5879
5889
5904
5908
5956
5972
5976
5997
6018
6026
6061
6069
6095
6176
6191
6206
6227
6246
6268
6309
6318
6320
6322
6338
6442
6467
6477
6489
6492
6505
6602
6645
6711
6723
6815
6862
6874
6887
6921
6991
6998
7006
7016
7018
7045
7155
7222
7226
7237
7317
7325
7347
7397
7448
7461
7536
7672
7771
7778
7820
7824
7884
7943
7953
8028
8033
8108
8114
8115
8140
8147
8155
8183
8189
8251
8265
8275
8287
8302
8346
8356
8368
8389
8405
8469
8476
8502
8536
8577
8579
8589
8613
8695
8696
8702
8732
8763
8794
8800
8816
8834
8889
8940
8941
9001
9020
9048
9172
9178
9278
9287
9295
9312
9313
9322
9351
9365
9376
9410
9476
9521
9527
9605
9635
9636
9720
9754
9783
9850
9893
9902
9940
9974
9979
10096
10154
10164
10192
10198
10237
10265
10275
10317
10321
10342
10367
10448
10461
10470
10509
10633
10636
10639
10688
10762
10771
10794
10859
10889
10924
10988
11011
11017
11033
11064
11089
11104
11121
11130
11160
11214
11237
11252
11259
11346
11423
11543
11578
11632
11637
11656
11658
11680
11685
11760
11800
11802
11865
11920
11971
12019
12033
12120
12137
12150
12165
12183
12190
12207
12227
12275
12282
12341
12343
12346
12383
12395
12433
12529
12560
12578
12585
12593
12603
12653
12698
12718
12748
12756
12765
12771
12774
12790
12800
12814
12815
12817
12862
12889
12958
13155
13193
13405
13417
13420
13430
13432
13503
13632
13646
13655
13854
14061
14063
14120
14220
14314
14336
14371
14378
14397
14481
14491
14572
14639
14768
14864
14884
14950
15076
15148
15182
15258
15307
15326
15376
15377
15398
15502
15644
15698
15706
15752
15849
15927
16020
16074
16157
16192
16233
16294
16313
16601
16616
16649
16685
16688
16704
16741
16742
16825
16847
16895
16994
17074
17076
17234
17317
17597
17598
17752
17794
18072
18186
18208
18220
18227
18273
18371
18374
18590
18627
18644
18662
18719
18774
18815
18819
18825
18877
18955
18995
19035
19167
19234
19310
19340
19387
19405
19464
19466
19480
19593
19625
19670
19692
19776
19911
20035
20074
20100
20122
20135
20312
20350
20511
20549
20562
20567
20653
20729
20834
20899
20945
21023
21048
21058
21187
21194
21244
21284
21313
21324
21379
21436
21445
21567
21578
21794
21797
21862
21924
21974
21979
22057
22076
22122
22249
22256
22364
22404
22442
22470
22485
22533
22562
22567
22578
22690
22774
22848
22981
23086
23113
23132
23148
23153
23171
23188
23233
23244
23292
23300
23321
23325
23338
23365
23396
23398
23403
23409
23421
23443
23461
23486
23493
23495
23511
23523
23635
23657
23690
23740
23767
23781
23791
23814
23865
23874
23896
23909
23915
23929
23942
23944
24014
24031
24041
24048
24106
24144
24155
24187
24188
24213
24218
24227
24254
24273
24307
24348
24373
24380
24386
24398
24420
24432
24442
24444
24448
24462
24483
24515
24527
24561
24628
24647
24681
24683
24726
24727
24811
24822
24832
24866
24899
24921
24966
24968
24979
24999
