4
6
8
14
38
67
79
80
81
84
90
92
103
108
109
115
123
136
143
148
158
159
165
167
171
182
187
191
196
199
205
207
218
222
226
234
237
253
265
280
282
289
292
296
303
306
310
312
314
315
316
320
323
328
335
340
347
355
367
370
373
376
384
387
388
405
422
443
449
454
460
464
499
504
506
516
518
521
539
553
557
578
582
584
592
599
606
623
647
655
662
664
666
685
690
692
696
701
702
705
706
709
719
730
731
752
757
759
783
784
785
799
816
829
864
876
883
890
897
905
915
916
917
918
919
954
956
978
995
1002
1003
1009
1012
1017
1021
1023
1035
1040
1045
1065
1079
1082
1088
1129
1138
1144
1155
1157
1167
1182
1202
1204
1211
1213
1215
1229
1230
1232
1233
1236
1238
1242
1250
1261
1263
1279
1303
1304
1308
1314
1319
1326
1337
1367
1370
1372
1374
1375
1385
1388
1389
1390
1391
1396
1404
1414
1424
1428
1430
1437
1469
1484
1489
1496
1499
1541
1543
1544
1546
1562
1564
1577
1594
1595
1596
1597
1599
1601
1618
1619
1627
1630
1633
1637
1639
1644
1663
1665
1686
1696
1700
1709
1712
1720
1743
1744
1746
1748
1766
1771
1772
1778
1781
1782
1798
1803
1808
1816
1824
1847
1851
1866
1867
1873
1874
1881
1889
1898
1903
1908
1915
1922
1930
1936
1962
1963
1972
1989
2019
2021
2022
2036
2037
2050
2053
2071
2076
2089
2099
2106
2111
2112
2113
2114
2138
2147
2157
2178
2182
2185
2195
2221
2231
2235
2254
2256
2265
2293
2301
2312
2314
2315
2335
2360
2379
2388
2389
2413
2417
2431
2444
2447
2462
2470
2480
2482
2487
2490
2500
2502
2506
2507
2509
2511
2517
2527
2529
2533
2556
2561
2563
2564
2570
2573
2574
2576
2578
2581
2599
2605
2631
2642
2654
2655
2668
2713
2716
2719
2728
2733
2737
2750
2775
2793
2799
2803
2806
2816
2832
2838
2839
2855
2865
2874
2878
2881
2883
2891
2893
2894
2895
2898
2905
2906
2910
2919
2921
2931
2942
2945
2958
2962
2981
2985
2988
2992
2994
3005
3017
3033
3037
3044
3045
3052
3058
3059
3065
3066
3069
3088
3106
3108
3114
3116
3121
3133
3139
3145
3154
3156
3192
3207
3208
3215
3221
3226
3238
3244
3250
3252
3259
3261
3262
3267
3275
3278
3281
3287
3289
3292
3295
3308
3312
3319
3328
3329
3335
3349
3352
3364
3370
3378
3386
3391
3393
3404
3405
3406
3416
3438
3449
3451
3454
3460
3468
3470
3477
3484
3486
3492
3498
3499
3510
3515
3535
3540
3550
3555
3557
3560
3561
3564
3565
3593
3601
3612
3617
3622
3623
3625
3633
3640
3643
3657
3671
3678
3696
3698
3714
3715
3731
3734
3755
3756
3759
3780
3781
3782
3784
3789
3791
3810
3813
3827
3857
3859
3861
3871
3880
3904
3909
3917
3922
3928
3942
3955
3962
3963
3970
3992
3998
3999
4002
4009
4010
4025
4040
4061
4062
4064
4067
4078
4096
4098
4105
4107
4110
4113
4117
4123
4128
4142
4156
4159
4161
4162
4165
4198
4200
4227
4238
4243
4251
4258
4274
4281
4284
4292
4301
4306
4319
4331
4340
4354
4363
4366
4368
4370
4375
4399
4402
4419
4421
4423
4427
4431
4434
4443
4445
4469
4471
4484
4485
4496
4501
4513
4516
4534
4544
4569
4572
4580
4582
4591
4596
4606
4611
4615
4623
4632
4640
4672
4678
4690
4727
4773
4774
4789
4795
4799
4816
4819
4844
4846
4867
4874
4883
4892
4895
4902
4906
4907
4921
4927
4933
4940
4941
4949
4959
4971
4974
5003
5004
5005
5014
5018
5025
5033
5036
5050
5056
5081
5082
5097
5119
5120
5125
5129
5141
5146
5147
5157
5162
5188
5201
5216
5230
5249
5251
5276
5278
5284
5291
5299
5316
5327
5331
5342
5371
5391
5403
5407
5419
5434
5435
5440
5462
5468
5469
5474
5477
5490
5492
5496
5542
5545
5550
5554
5560
5561
5579
5581
5590
5610
5611
5617
5622
5625
5626
5635
5637
5642
5660
5661
5672
5677
5682
5691
5695
5699
5704
5712
5716
5718
5742
5752
5753
5757
5760
5770
5774
5782
5788
5789
5800
5816
5823
5835
5855
5871
5884
5889
5891
5900
5904
5910
5911
5935
5936
5963
5965
5967
5978
5981
5986
5990
6001
6011
6020
6028
6032
6040
6046
6056
6059
6079
6105
6112
6123
6137
6141
6146
6166
6177
6188
6197
6204
6207
6212
6216
6217
6225
6235
6241
6250
6257
6265
6269
6279
6280
6284
6293
6308
6318
6321
6326
6330
6339
6344
6351
6357
6366
6367
6378
6379
6392
6394
6405
6428
6429
6437
6443
6446
6450
6465
6480
6490
6501
6507
6518
6528
6532
6545
6546
6551
6557
6558
6569
6600
6604
6610
6613
6621
6627
6629
6634
6646
6647
6653
6682
6687
6696
6704
6709
6716
6718
6721
6722
6744
6752
6762
6771
6774
6781
6789
6819
6820
6824
6828
6832
6853
6856
6857
6866
6884
6887
6888
6898
6911
6926
6929
6930
6936
6937
6951
6977
6978
6984
6995
6997
7003
7004
7007
7016
7039
7044
7045
7069
7070
7091
7095
7099
7110
7117
7119
7120
7127
7128
7136
7139
7144
7148
7158
7160
7164
7168
7175
7183
7185
7188
7190
7205
7214
7225
7229
7259
7264
7273
7274
7287
7288
7294
7300
7305
7324
7325
7331
7335
7339
7347
7350
7352
7365
7376
7379
7381
7382
7394
7400
7412
7431
7438
7439
7451
7452
7456
7490
7492
7503
7510
7518
7530
7544
7548
7549
7558
7560
7564
7565
7567
7568
7576
7588
7593
7595
7623
7629
7636
7639
7645
7656
7660
7673
7675
7687
7709
7713
7719
7721
7732
7734
7735
7736
7739
7740
7746
7758
7759
7773
7778
7783
7786
7800
7814
7821
7834
7837
7839
7843
7865
7869
7885
7897
7899
7902
7911
7917
7931
7947
7970
7975
7981
7982
7985
7987
7997
7999
8003
8007
8021
8023
8038
8065
8067
8071
8073
8084
8086
8087
8098
8100
8102
8103
8110
8113
8119
8136
8151
8155
8160
8165
8166
8172
8179
8189
8231
8252
8265
8267
8270
8279
8281
8283
8287
8292
8310
8317
8324
8325
8332
8339
8341
8345
8351
8352
8354
8358
8376
8398
8403
8405
8413
8421
8439
8450
8466
8467
8481
8491
8492
8495
8507
8508
8513
8523
8524
8525
8527
8530
8537
8541
8543
8545
8548
8563
8591
8602
8626
8641
8657
8667
8676
8677
8682
8687
8697
8699
8703
8715
8716
8724
8730
8737
8741
8746
8753
8765
8770
8776
8796
8805
8821
8838
8839
8840
8841
8846
8850
8880
8881
8900
8919
8941
8950
8952
8984
8985
9004
9005
9006
9007
9011
9014
9038
9043
9052
9056
9062
9080
9105
9107
9135
9145
9162
9179
9217
9231
9242
9245
9247
9248
9254
9261
9267
9272
9274
9277
9295
9303
9317
9323
9325
9329
9339
9341
9362
9367
9375
9393
9407
9408
9422
9424
9444
9457
9459
9469
9476
9493
9495
9496
9511
9520
9546
9548
9554
9568
9569
9572
9574
9582
9586
9597
9608
9613
9619
9624
9639
9645
9656
9663
9666
9694
9709
9716
9752
9766
9769
9772
9784
9786
9788
9792
9810
9813
9822
9836
9860
9866
9869
9886
9887
9891
9892
9894
9915
9921
9926
9929
9931
9949
9955
9961
9962
9963
9968
9970
9982
9991
10017
10021
10030
10036
10037
10038
10041
10044
10049
10052
10055
10077
10085
10122
10150
10152
10153
10158
10160
10172
10185
10203
10212
10221
10228
10236
10237
10259
10274
10278
10293
10296
10300
10303
10305
10309
10312
10319
10334
10339
10350
10355
10367
10368
10384
10395
10400
10404
10408
10409
10418
10420
10436
10459
10472
10482
10485
10495
10500
10507
10512
10521
10524
10526
10529
10551
10552
10561
10599
10641
10653
10666
10708
10717
10725
10726
10733
10736
10747
10756
10758
10759
10763
10766
10777
10789
10802
10809
10817
10837
10839
10841
10849
10853
10862
10871
10877
10883
10891
10892
10911
10938
10949
10955
10958
10986
10988
10995
11018
11019
11039
11041
11042
11065
11069
11083
11084
11094
11096
11125
11130
11131
11140
11144
11145
11150
11164
11166
11169
11172
11173
11181
11189
11190
11227
11239
11249
11258
11269
11274
11279
11281
11300
11305
11323
11324
11326
11330
11342
11353
11365
11366
11376
11388
11389
11412
11423
11426
11448
11449
11458
11461
11484
11498
11514
11524
11525
11529
11535
11548
11554
11555
11559
11564
11565
11566
11567
11570
11573
11575
11586
11591
11595
11600
11603
11609
11610
11613
11637
11655
11656
11657
11673
11674
11690
11697
11699
11712
11717
11719
11732
11734
11745
11746
11747
11749
11755
11757
11759
11760
11763
11783
11799
11800
11802
11805
11806
11811
11816
11825
11828
11829
11838
11840
11841
11849
11856
11858
11869
11885
11903
11917
11936
11948
11968
11969
11990
12009
12011
12013
12014
12015
12021
12036
12041
12045
12056
12060
12066
12073
12091
12100
12108
12109
12111
12141
12146
12170
12185
12191
12199
12203
12215
12218
12222
12228
12230
12233
12235
12246
12259
12261
12265
12311
12317
12324
12329
12331
12342
12348
12373
12374
12379
12383
12398
12403
12423
12424
12429
12442
12463
12472
12475
12479
12490
12491
12498
12511
12557
12558
12560
12580
12581
12585
12593
12594
12595
12599
12602
12616
12625
12639
12648
12653
12658
12661
12663
12693
12696
12702
12708
12716
12718
12741
12743
12745
12761
12766
12768
12774
12778
12784
12795
12796
12799
12810
12821
12836
12838
12842
12844
12845
12855
12857
12868
12869
12875
12883
12886
12898
12901
12903
12911
12918
12921
12922
12927
12928
12932
12937
12941
12951
12962
12964
12974
12980
12984
12998
13009
13011
13015
13019
13033
13094
13108
13110
13111
13112
13127
13137
13138
13151
13160
13161
13167
13171
13178
13179
13186
13196
13209
13216
13231
13235
13244
13255
13265
13270
13274
13280
13307
13315
13320
13322
13330
13340
13365
13367
13376
13380
13387
13389
13397
13400
13418
13443
13444
13453
13462
13463
13469
13485
13490
13493
13505
13509
13530
13532
13546
13554
13563
13567
13568
13573
13575
13591
13601
13602
13612
13614
13618
13636
13639
13643
13648
13649
13668
13675
13685
13698
13699
13706
13713
13715
13717
13732
13744
13747
13751
13756
13764
13768
13773
13775
13777
13795
13797
13802
13840
13846
13848
13857
13859
13860
13866
13871
13878
13887
13912
13914
13920
13921
13939
13942
13943
13958
13961
13966
13969
14004
14011
14048
14056
14058
14060
14065
14076
14081
14084
14087
14088
14097
14101
14102
14108
14131
14133
14140
14141
14158
14173
14176
14198
14206
14212
14219
14222
14227
14231
14240
14250
14265
14270
14275
14282
14293
14302
14303
14315
14319
14322
14326
14331
14357
14363
14364
14371
14382
14386
14389
14390
14401
14403
14404
14408
14409
14419
14422
14433
14450
14455
14458
14459
14477
14488
14491
14492
14495
14510
14511
14512
14518
14523
14551
14574
14584
14591
14594
14605
14606
14607
14609
14613
14633
14639
14640
14644
14646
14650
14656
14667
14686
14688
14699
14700
14705
14719
14727
14748
14750
14752
14755
14768
14769
14774
14776
14783
14784
14800
14802
14816
14820
14828
14837
14858
14863
14867
14872
14877
14894
14897
14904
14918
14921
14924
14929
14950
14955
14958
14961
14965
14971
14973
14991
14992
14996
15012
15023
15024
15028
15038
15054
15061
15063
15064
15072
15076
15095
15103
15105
15108
15126
15130
15137
15147
15149
15152
15157
15158
15161
15163
15172
15176
15179
15185
15186
15187
15202
15205
15212
15215
15233
15236
15253
15254
15272
15275
15282
15292
15294
15298
15305
15307
15311
15316
15320
15339
15349
15358
15361
15372
15386
15403
15411
15415
15423
15428
15432
15439
15442
15461
15469
15478
15486
15490
15491
15502
15507
15511
15527
15530
15556
15557
15562
15566
15574
15575
15579
15587
15596
15599
15614
15622
15628
15633
15637
15640
15646
15647
15648
15658
15660
15667
15668
15676
15692
15696
15699
15706
15709
15712
15718
15719
15725
15726
15729
15732
15741
15742
15747
15762
15763
15773
15776
15781
15786
15803
15805
15807
15809
15815
15817
15822
15826
15827
15831
15837
15842
15862
15871
15872
15874
15887
15888
15898
15899
15900
15909
15912
15926
15931
15933
15936
15975
15978
15981
15986
15990
15994
15997
15998
16021
16026
16046
16057
16065
16066
16068
16069
16071
16090
16094
16101
16102
16107
16108
16115
16120
16131
16146
16151
16155
16166
16167
16172
16176
16177
16182
16183
16192
16196
16197
16203
16204
16208
16210
16226
16230
16232
16245
16252
16262
16265
16268
16278
16279
16287
16288
16293
16298
16305
16316
16319
16322
16324
16326
16341
16342
16345
16364
16370
16374
16377
16379
16393
16396
16403
16407
16415
16432
16454
16460
16473
16484
16494
16502
16505
16508
16512
16514
16520
16551
16554
16556
16569
16580
16606
16613
16621
16628
16629
16631
16633
16640
16642
16645
16666
16668
16677
16685
16697
16698
16703
16704
16705
16709
16713
16715
16717
16722
16737
16744
16760
16763
16784
16798
16822
16831
16834
16850
16852
16860
16863
16873
16876
16880
16881
16888
16896
16918
16923
16925
16926
16943
16946
16955
16973
16977
16982
16986
16990
17003
17004
17008
17016
17032
17051
17054
17059
17060
17077
17088
17089
17090
17092
17109
17110
17114
17122
17123
17126
17130
17138
17145
17148
17153
17158
17160
17161
17169
17178
17183
17188
17196
17200
17209
17243
17264
17272
17273
17281
17284
17303
17308
17309
17310
17315
17316
17317
17321
17327
17340
17353
17360
17369
17370
17374
17394
17402
17404
17408
17414
17417
17423
17431
17450
17456
17461
17466
17470
17474
17475
17482
17513
17524
17525
17534
17540
17544
17552
17561
17562
17564
17567
17568
17611
17619
17627
17649
17668
17679
17697
17703
17707
17717
17722
17726
17741
17747
17748
17749
17750
17752
17781
17785
17789
17801
17813
17826
17828
17834
17839
17847
17850
17857
17872
17882
17894
17928
17941
17947
17955
17956
17968
17971
17987
17988
17992
18002
18020
18022
18025
18026
18034
18036
18041
18049
18052
18054
18061
18070
18071
18073
18074
18078
18079
18080
18081
18085
18088
18090
18099
18112
18116
18119
18121
18139
18142
18149
18155
18157
18164
18176
18180
18181
18189
18202
18204
18218
18228
18240
18249
18252
18264
18280
18291
18311
18323
18324
18332
18333
18334
18342
18348
18356
18365
18368
18370
18373
18374
18379
18403
18413
18415
18418
18426
18431
18440
18444
18447
18452
18455
18458
18462
18465
18471
18472
18473
18474
18499
18500
18502
18504
18505
18527
18532
18535
18540
18541
18542
18553
18561
18567
18572
18573
18582
18591
18596
18599
18603
18609
18610
18620
18622
18639
18654
18656
18658
18661
18668
18669
18681
18691
18695
18697
18699
18712
18724
18727
18733
18736
18742
18747
18750
18752
18759
18761
18769
18782
18789
18791
18799
18815
18819
18824
18825
18861
18871
18873
18885
18898
18901
18905
18917
18918
18921
18922
18926
18934
18939
18943
18955
18964
18968
18974
18978
18983
18990
18995
19003
19004
19048
19074
19080
19087
19105
19112
19115
19140
19159
19160
19161
19164
19171
19183
19185
19187
19189
19197
19199
19217
19218
19233
19234
19237
19241
19257
19260
19266
19292
19301
19302
19303
19309
19310
19312
19327
19328
19343
19352
19355
19359
19369
19371
19388
19390
19411
19413
19419
19424
19429
19435
19438
19469
19471
19490
19497
19504
19509
19511
19517
19545
19549
19552
19565
19574
19586
19610
19617
19619
19621
19622
19637
19639
19652
19664
19668
19670
19672
19673
19682
19687
19689
19696
19704
19705
19718
19738
19740
19760
19761
19768
19776
19781
19783
19786
19788
19793
19794
19795
19799
19800
19806
19811
19819
19823
19837
19840
19845
19853
19856
19860
19863
19865
19867
19877
19896
19904
19911
19928
19937
19942
19945
19946
19952
19958
19972
19973
19977
19981
19988
19994
20000
20012
20014
20015
20023
20036
20038
20042
20053
20065
20068
20069
20072
20073
20079
20092
20095
20105
20106
20111
20124
20133
20137
20140
20153
20175
20186
20197
20206
20207
20214
20223
20225
20244
20246
20252
20264
20279
20294
20295
20301
20303
20307
20308
20311
20312
20320
20326
20328
20347
20349
20351
20353
20365
20369
20379
20387
20405
20408
20431
20433
20440
20445
20451
20453
20456
20463
20469
20484
20506
20511
20532
20554
20555
20557
20569
20574
20593
20608
20614
20617
20621
20630
20631
20634
20635
20656
20657
20665
20668
20679
20685
20698
20701
20711
20725
20727
20728
20737
20751
20752
20756
20762
20764
20767
20769
20800
20817
20818
20834
20835
20837
20842
20844
20848
20851
20874
20875
20890
20912
20922
20938
20942
20950
20971
20976
20979
21010
21014
21017
21018
21026
21028
21036
21048
21050
21052
21068
21071
21081
21082
21088
21104
21108
21135
21173
21182
21184
21194
21202
21203
21215
21231
21240
21251
21263
21290
21294
21312
21313
21319
21339
21341
21350
21371
21379
21392
21393
21404
21411
21414
21422
21425
21429
21431
21438
21446
21460
21462
21464
21492
21499
21503
21514
21517
21545
21546
21547
21552
21559
21571
21577
21588
21607
21612
21616
21619
21621
21623
21624
21657
21687
21698
21701
21704
21721
21727
21738
21742
21748
21755
21783
21802
21804
21805
21829
21836
21837
21858
21866
21874
21881
21887
21891
21893
21896
21897
21901
21907
21915
21929
21931
21934
21941
21954
21955
21964
21974
21993
21996
22005
22018
22020
22027
22032
22044
22050
22081
22093
22094
22099
22129
22135
22146
22148
22154
22170
22185
22199
22227
22228
22236
22245
22247
22248
22292
22311
22314
22315
22327
22331
22339
22343
22344
22345
22355
22356
22366
22367
22368
22371
22374
22376
22377
22381
22392
22406
22409
22419
22433
22443
22444
22447
22459
22462
22470
22481
22496
22498
22503
22511
22522
22523
22536
22538
22539
22544
22552
22562
22563
22567
22569
22583
22586
22606
22614
22620
22641
22650
22653
22682
22689
22690
22694
22704
22709
22712
22713
22716
22718
22740
22743
22750
22760
22761
22775
22782
22783
22785
22790
22795
22803
22807
22821
22822
22865
22871
22872
22882
22885
22896
22897
22902
22905
22906
22907
22936
22939
22941
22947
22955
22961
22968
22983
22989
22997
23000
23001
23005
23009
23010
23021
23033
23036
23048
23051
23056
23059
23074
23080
23089
23097
23099
23100
23114
23123
23128
23132
23133
23153
23154
23156
23158
23167
23169
23170
23176
23177
23184
23188
23189
23190
23197
23199
23209
23210
23213
23220
23224
23226
23230
23233
23236
23239
23240
23241
23244
23252
23256
23258
23259
23260
23266
23278
23279
23287
23289
23290
23294
23300
23308
23309
23313
23315
23317
23320
23323
23327
23337
23345
23346
23349
23352
23364
23374
23386
23393
23394
23402
23403
23404
23407
23408
23409
23411
23413
23416
23419
23421
23429
23442
23475
23476
23478
23481
23484
23489
23493
23495
23497
23509
23516
23531
23539
23551
23555
23569
23570
23573
23576
23584
23585
23589
23592
23603
23609
23614
23617
23621
23622
23629
23632
23634
23636
23640
23644
23650
23651
23654
23663
23668
23672
23676
23677
23681
23696
23697
23700
23701
23703
23708
23710
23718
23729
23734
23739
23740
23743
23752
23763
23772
23776
23780
23787
23793
23795
23798
23799
23802
23805
23808
23812
23817
23820
23821
23822
23827
23841
23852
23858
23864
23870
23876
23880
23882
23885
23892
23899
23902
23906
23910
23912
23914
23920
23930
23936
23938
23939
23941
23955
23969
23972
23974
23975
23979
23980
23986
23994
23995
23997
24004
24010
24013
24015
24023
24025
24039
24044
24054
24064
24065
24066
24078
24080
24081
24082
24084
24086
24095
24098
24103
24104
24109
24110
24112
24117
24120
24125
24126
24133
24137
24143
24148
24158
24169
24178
24183
24184
24189
24190
24197
24200
24201
24205
24219
24224
24231
24236
24239
24242
24253
24259
24260
24263
24270
24275
24279
24280
24285
24286
24300
24303
24310
24311
24323
24357
24359
24362
24369
24374
24377
24378
24382
24387
24391
24396
24399
24402
24405
24406
24407
24413
24418
24420
24426
24428
24432
24439
24440
24446
24453
24457
24472
24475
24485
24488
24501
24513
24519
24526
24538
24541
24547
24557
24558
24562
24563
24565
24567
24572
24582
24598
24599
24602
24609
24610
24611
24615
24630
24638
24643
24649
24661
24669
24672
24683
24685
24702
24704
24711
24713
24714
24719
24730
24731
24732
24741
24743
24744
24749
24758
24765
24769
24770
24776
24780
24782
24784
24785
24789
24790
24796
24806
24813
24815
24817
24819
24824
24826
24833
24847
24848
24853
24865
24869
24875
24882
24884
24885
24888
24895
24896
24897
24917
24918
24925
24927
24928
24931
24934
24940
24949
24951
24953
24962
24983
24986
24991
24993
24998
